1 100 -10 10 100
-10.0 -5051.0
-9.797979797979798 -4753.444236261193
-9.595959595959595 -4467.884774693161
-9.393939393939394 -4194.074268859393
-9.191919191919192 -3931.7653723233766
-8.98989898989899 -3680.710738648602
-8.787878787878787 -3440.6630213985577
-8.585858585858587 -3211.3748741367363
-8.383838383838384 -2992.5989504266213
-8.181818181818182 -2784.0879038317053
-7.979797979797979 -2585.594387915477
-7.777777777777778 -2396.8710562414267
-7.575757575757576 -2217.670562373042
-7.373737373737374 -2047.745559873812
-7.171717171717171 -1886.8487023072266
-6.96969696969697 -1734.7326432367754
-6.767676767676768 -1591.1500362259471
-6.565656565656566 -1455.8535348382302
-6.363636363636363 -1328.5957926371148
-6.161616161616162 -1209.12946318609
-5.959595959595959 -1097.2072000486448
-5.757575757575758 -992.5816567882684
-5.555555555555555 -895.0054869684499
-5.353535353535354 -804.2313441526787
-5.151515151515151 -720.011881904444
-4.94949494949495 -642.0997537872348
-4.747474747474747 -570.2476133645403
-4.545454545454546 -504.2081141998499
-4.343434343434343 -443.7339098566524
-4.141414141414142 -388.57765389843763
-3.9393939393939394 -338.4919998886941
-3.737373737373738 -293.22960139091157
-3.5353535353535355 -252.54311196857876
-3.333333333333333 -216.1851851851851
-3.1313131313131315 -183.90847460421998
-2.929292929292929 -155.46563378917216
-2.7272727272727275 -130.60931630353122
-2.525252525252525 -109.09217571078605
-2.3232323232323235 -90.66686557442605
-2.121212121212121 -75.08603945794027
-1.9191919191919187 -62.10235092481799
-1.717171717171718 -51.46845353854847
-1.5151515151515156 -42.937000862620714
-1.3131313131313131 -36.26064646052402
-1.1111111111111107 -31.19204389574759
-0.9090909090909101 -27.48384673178063
-0.7070707070707076 -24.888708532112272
-0.5050505050505052 -23.159282860231745
-0.30303030303030276 -22.04822327962824
-0.10101010101010033 -21.308183353790945
0.10101010101010033 -20.691816646209055
0.30303030303030276 -19.95177672037176
0.5050505050505052 -18.840717139768255
0.7070707070707076 -17.111291467887728
0.9090909090909083 -14.516153268219396
1.1111111111111107 -10.807956104252408
1.3131313131313131 -5.739353539475976
1.5151515151515156 0.9370008626207138
1.7171717171717162 9.468453538548381
1.9191919191919187 20.10235092481799
2.121212121212121 33.086039457940274
2.3232323232323235 48.666865574426055
2.525252525252524 67.09217571078597
2.7272727272727266 88.6093163035311
2.929292929292929 113.46563378917216
3.1313131313131315 141.90847460421998
3.333333333333334 174.1851851851853
3.5353535353535346 210.5431119685786
3.737373737373737 251.22960139091134
3.9393939393939394 296.4919998886941
4.141414141414142 346.57765389843763
4.3434343434343425 401.73390985665213
4.545454545454545 462.2081141998496
4.747474747474747 528.2476133645403
4.94949494949495 600.0997537872348
5.1515151515151505 678.0118819044435
5.353535353535353 762.2313441526784
5.555555555555555 853.0054869684499
5.757575757575758 950.5816567882684
5.9595959595959584 1055.2072000486442
6.161616161616163 1167.1294631860908
6.363636363636363 1286.5957926371148
6.565656565656564 1413.853534838229
6.767676767676768 1549.1500362259471
6.969696969696969 1692.732643236775
7.171717171717173 1844.848702307228
7.373737373737374 2005.745559873812
7.575757575757574 2175.6705623730404
7.777777777777779 2354.8710562414276
7.979797979797979 2543.594387915477
8.18181818181818 2742.0879038317034
8.383838383838384 2950.5989504266213
8.585858585858585 3169.374874136734
8.787878787878789 3398.6630213985604
8.98989898989899 3638.710738648602
9.19191919191919 3889.7653723233743
9.393939393939394 4152.074268859393
9.595959595959595 4425.884774693161
9.7979797979798 4711.444236261195
10.0 5009.0