2 100 0 1 500
0.0 0.0 0.0
0.0 0.047619047619047616 0.09523809523809523
0.0 0.09523809523809523 0.19047619047619047
0.0 0.14285714285714285 0.2857142857142857
0.0 0.19047619047619047 0.38095238095238093
0.0 0.23809523809523808 0.47619047619047616
0.0 0.2857142857142857 0.5714285714285714
0.0 0.3333333333333333 0.6666666666666666
0.0 0.38095238095238093 0.7619047619047619
0.0 0.42857142857142855 0.8571428571428571
0.0 0.47619047619047616 0.9523809523809523
0.0 0.5238095238095237 1.0476190476190474
0.0 0.5714285714285714 1.1428571428571428
0.0 0.6190476190476191 1.2380952380952381
0.0 0.6666666666666666 1.3333333333333333
0.0 0.7142857142857142 1.4285714285714284
0.0 0.7619047619047619 1.5238095238095237
0.0 0.8095238095238095 1.619047619047619
0.0 0.8571428571428571 1.7142857142857142
0.0 0.9047619047619047 1.8095238095238093
0.0 0.9523809523809523 1.9047619047619047
0.0 1.0 2.0
0.047619047619047616 0.0 0.047619047619047616
0.047619047619047616 0.047619047619047616 0.14285714285714285
0.047619047619047616 0.09523809523809523 0.23809523809523808
0.047619047619047616 0.14285714285714285 0.3333333333333333
0.047619047619047616 0.19047619047619047 0.42857142857142855
0.047619047619047616 0.23809523809523808 0.5238095238095237
0.047619047619047616 0.2857142857142857 0.6190476190476191
0.047619047619047616 0.3333333333333333 0.7142857142857142
0.047619047619047616 0.38095238095238093 0.8095238095238095
0.047619047619047616 0.42857142857142855 0.9047619047619047
0.047619047619047616 0.47619047619047616 1.0
0.047619047619047616 0.5238095238095237 1.0952380952380951
0.047619047619047616 0.5714285714285714 1.1904761904761905
0.047619047619047616 0.6190476190476191 1.2857142857142858
0.047619047619047616 0.6666666666666666 1.380952380952381
0.047619047619047616 0.7142857142857142 1.476190476190476
0.047619047619047616 0.7619047619047619 1.5714285714285714
0.047619047619047616 0.8095238095238095 1.6666666666666667
0.047619047619047616 0.8571428571428571 1.7619047619047619
0.047619047619047616 0.9047619047619047 1.857142857142857
0.047619047619047616 0.9523809523809523 1.9523809523809523
0.047619047619047616 1.0 2.0476190476190474
0.09523809523809523 0.0 0.09523809523809523
0.09523809523809523 0.047619047619047616 0.19047619047619047
0.09523809523809523 0.09523809523809523 0.2857142857142857
0.09523809523809523 0.14285714285714285 0.38095238095238093
0.09523809523809523 0.19047619047619047 0.47619047619047616
0.09523809523809523 0.23809523809523808 0.5714285714285714
0.09523809523809523 0.2857142857142857 0.6666666666666666
0.09523809523809523 0.3333333333333333 0.7619047619047619
0.09523809523809523 0.38095238095238093 0.8571428571428571
0.09523809523809523 0.42857142857142855 0.9523809523809523
0.09523809523809523 0.47619047619047616 1.0476190476190474
0.09523809523809523 0.5238095238095237 1.1428571428571428
0.09523809523809523 0.5714285714285714 1.2380952380952381
0.09523809523809523 0.6190476190476191 1.3333333333333335
0.09523809523809523 0.6666666666666666 1.4285714285714284
0.09523809523809523 0.7142857142857142 1.5238095238095237
0.09523809523809523 0.7619047619047619 1.619047619047619
0.09523809523809523 0.8095238095238095 1.7142857142857144
0.09523809523809523 0.8571428571428571 1.8095238095238093
0.09523809523809523 0.9047619047619047 1.9047619047619047
0.09523809523809523 0.9523809523809523 2.0
0.09523809523809523 1.0 2.0952380952380953
0.14285714285714285 0.0 0.14285714285714285
0.14285714285714285 0.047619047619047616 0.23809523809523808
0.14285714285714285 0.09523809523809523 0.3333333333333333
0.14285714285714285 0.14285714285714285 0.42857142857142855
0.14285714285714285 0.19047619047619047 0.5238095238095237
0.14285714285714285 0.23809523809523808 0.6190476190476191
0.14285714285714285 0.2857142857142857 0.7142857142857142
0.14285714285714285 0.3333333333333333 0.8095238095238095
0.14285714285714285 0.38095238095238093 0.9047619047619047
0.14285714285714285 0.42857142857142855 1.0
0.14285714285714285 0.47619047619047616 1.0952380952380951
0.14285714285714285 0.5238095238095237 1.1904761904761902
0.14285714285714285 0.5714285714285714 1.2857142857142856
0.14285714285714285 0.6190476190476191 1.380952380952381
0.14285714285714285 0.6666666666666666 1.476190476190476
0.14285714285714285 0.7142857142857142 1.5714285714285712
0.14285714285714285 0.7619047619047619 1.6666666666666665
0.14285714285714285 0.8095238095238095 1.7619047619047619
0.14285714285714285 0.8571428571428571 1.857142857142857
0.14285714285714285 0.9047619047619047 1.952380952380952
0.14285714285714285 0.9523809523809523 2.0476190476190474
0.14285714285714285 1.0 2.142857142857143
0.19047619047619047 0.0 0.19047619047619047
0.19047619047619047 0.047619047619047616 0.2857142857142857
0.19047619047619047 0.09523809523809523 0.38095238095238093
0.19047619047619047 0.14285714285714285 0.47619047619047616
0.19047619047619047 0.19047619047619047 0.5714285714285714
0.19047619047619047 0.23809523809523808 0.6666666666666666
0.19047619047619047 0.2857142857142857 0.7619047619047619
0.19047619047619047 0.3333333333333333 0.8571428571428571
0.19047619047619047 0.38095238095238093 0.9523809523809523
0.19047619047619047 0.42857142857142855 1.0476190476190474
0.19047619047619047 0.47619047619047616 1.1428571428571428
0.19047619047619047 0.5238095238095237 1.238095238095238
0.19047619047619047 0.5714285714285714 1.3333333333333333
0.19047619047619047 0.6190476190476191 1.4285714285714286
0.19047619047619047 0.6666666666666666 1.5238095238095237
0.19047619047619047 0.7142857142857142 1.6190476190476188
0.19047619047619047 0.7619047619047619 1.7142857142857142
0.19047619047619047 0.8095238095238095 1.8095238095238095
0.19047619047619047 0.8571428571428571 1.9047619047619047
0.19047619047619047 0.9047619047619047 1.9999999999999998
0.19047619047619047 0.9523809523809523 2.095238095238095
0.19047619047619047 1.0 2.1904761904761907
0.23809523809523808 0.0 0.23809523809523808
0.23809523809523808 0.047619047619047616 0.3333333333333333
0.23809523809523808 0.09523809523809523 0.42857142857142855
0.23809523809523808 0.14285714285714285 0.5238095238095237
0.23809523809523808 0.19047619047619047 0.6190476190476191
0.23809523809523808 0.23809523809523808 0.7142857142857142
0.23809523809523808 0.2857142857142857 0.8095238095238095
0.23809523809523808 0.3333333333333333 0.9047619047619047
0.23809523809523808 0.38095238095238093 1.0
0.23809523809523808 0.42857142857142855 1.0952380952380951
0.23809523809523808 0.47619047619047616 1.1904761904761905
0.23809523809523808 0.5238095238095237 1.2857142857142856
0.23809523809523808 0.5714285714285714 1.380952380952381
0.23809523809523808 0.6190476190476191 1.4761904761904763
0.23809523809523808 0.6666666666666666 1.5714285714285714
0.23809523809523808 0.7142857142857142 1.6666666666666665
0.23809523809523808 0.7619047619047619 1.7619047619047619
0.23809523809523808 0.8095238095238095 1.8571428571428572
0.23809523809523808 0.8571428571428571 1.9523809523809523
0.23809523809523808 0.9047619047619047 2.0476190476190474
0.23809523809523808 0.9523809523809523 2.142857142857143
0.23809523809523808 1.0 2.238095238095238
0.2857142857142857 0.0 0.2857142857142857
0.2857142857142857 0.047619047619047616 0.38095238095238093
0.2857142857142857 0.09523809523809523 0.47619047619047616
0.2857142857142857 0.14285714285714285 0.5714285714285714
0.2857142857142857 0.19047619047619047 0.6666666666666666
0.2857142857142857 0.23809523809523808 0.7619047619047619
0.2857142857142857 0.2857142857142857 0.8571428571428571
0.2857142857142857 0.3333333333333333 0.9523809523809523
0.2857142857142857 0.38095238095238093 1.0476190476190474
0.2857142857142857 0.42857142857142855 1.1428571428571428
0.2857142857142857 0.47619047619047616 1.2380952380952381
0.2857142857142857 0.5238095238095237 1.333333333333333
0.2857142857142857 0.5714285714285714 1.4285714285714284
0.2857142857142857 0.6190476190476191 1.5238095238095237
0.2857142857142857 0.6666666666666666 1.619047619047619
0.2857142857142857 0.7142857142857142 1.714285714285714
0.2857142857142857 0.7619047619047619 1.8095238095238093
0.2857142857142857 0.8095238095238095 1.9047619047619047
0.2857142857142857 0.8571428571428571 2.0
0.2857142857142857 0.9047619047619047 2.095238095238095
0.2857142857142857 0.9523809523809523 2.1904761904761902
0.2857142857142857 1.0 2.2857142857142856
0.3333333333333333 0.0 0.3333333333333333
0.3333333333333333 0.047619047619047616 0.42857142857142855
0.3333333333333333 0.09523809523809523 0.5238095238095237
0.3333333333333333 0.14285714285714285 0.6190476190476191
0.3333333333333333 0.19047619047619047 0.7142857142857142
0.3333333333333333 0.23809523809523808 0.8095238095238095
0.3333333333333333 0.2857142857142857 0.9047619047619047
0.3333333333333333 0.3333333333333333 1.0
0.3333333333333333 0.38095238095238093 1.0952380952380951
0.3333333333333333 0.42857142857142855 1.1904761904761905
0.3333333333333333 0.47619047619047616 1.2857142857142856
0.3333333333333333 0.5238095238095237 1.3809523809523807
0.3333333333333333 0.5714285714285714 1.476190476190476
0.3333333333333333 0.6190476190476191 1.5714285714285714
0.3333333333333333 0.6666666666666666 1.6666666666666665
0.3333333333333333 0.7142857142857142 1.7619047619047616
0.3333333333333333 0.7619047619047619 1.857142857142857
0.3333333333333333 0.8095238095238095 1.9523809523809523
0.3333333333333333 0.8571428571428571 2.0476190476190474
0.3333333333333333 0.9047619047619047 2.142857142857143
0.3333333333333333 0.9523809523809523 2.238095238095238
0.3333333333333333 1.0 2.3333333333333335
0.38095238095238093 0.0 0.38095238095238093
0.38095238095238093 0.047619047619047616 0.47619047619047616
0.38095238095238093 0.09523809523809523 0.5714285714285714
0.38095238095238093 0.14285714285714285 0.6666666666666666
0.38095238095238093 0.19047619047619047 0.7619047619047619
0.38095238095238093 0.23809523809523808 0.8571428571428571
0.38095238095238093 0.2857142857142857 0.9523809523809523
0.38095238095238093 0.3333333333333333 1.0476190476190474
0.38095238095238093 0.38095238095238093 1.1428571428571428
0.38095238095238093 0.42857142857142855 1.2380952380952381
0.38095238095238093 0.47619047619047616 1.3333333333333333
0.38095238095238093 0.5238095238095237 1.4285714285714284
0.38095238095238093 0.5714285714285714 1.5238095238095237
0.38095238095238093 0.6190476190476191 1.619047619047619
0.38095238095238093 0.6666666666666666 1.7142857142857142
0.38095238095238093 0.7142857142857142 1.8095238095238093
0.38095238095238093 0.7619047619047619 1.9047619047619047
0.38095238095238093 0.8095238095238095 2.0
0.38095238095238093 0.8571428571428571 2.095238095238095
0.38095238095238093 0.9047619047619047 2.1904761904761902
0.38095238095238093 0.9523809523809523 2.2857142857142856
0.38095238095238093 1.0 2.380952380952381
0.42857142857142855 0.0 0.42857142857142855
0.42857142857142855 0.047619047619047616 0.5238095238095237
0.42857142857142855 0.09523809523809523 0.6190476190476191
0.42857142857142855 0.14285714285714285 0.7142857142857142
0.42857142857142855 0.19047619047619047 0.8095238095238095
0.42857142857142855 0.23809523809523808 0.9047619047619047
0.42857142857142855 0.2857142857142857 1.0
0.42857142857142855 0.3333333333333333 1.0952380952380951
0.42857142857142855 0.38095238095238093 1.1904761904761905
0.42857142857142855 0.42857142857142855 1.2857142857142856
0.42857142857142855 0.47619047619047616 1.380952380952381
0.42857142857142855 0.5238095238095237 1.476190476190476
0.42857142857142855 0.5714285714285714 1.5714285714285714
0.42857142857142855 0.6190476190476191 1.6666666666666667
0.42857142857142855 0.6666666666666666 1.7619047619047619
0.42857142857142855 0.7142857142857142 1.857142857142857
0.42857142857142855 0.7619047619047619 1.9523809523809523
0.42857142857142855 0.8095238095238095 2.0476190476190474
0.42857142857142855 0.8571428571428571 2.142857142857143
0.42857142857142855 0.9047619047619047 2.2380952380952377
0.42857142857142855 0.9523809523809523 2.333333333333333
0.42857142857142855 1.0 2.4285714285714284
0.47619047619047616 0.0 0.47619047619047616
0.47619047619047616 0.047619047619047616 0.5714285714285714
0.47619047619047616 0.09523809523809523 0.6666666666666666
0.47619047619047616 0.14285714285714285 0.7619047619047619
0.47619047619047616 0.19047619047619047 0.8571428571428571
0.47619047619047616 0.23809523809523808 0.9523809523809523
0.47619047619047616 0.2857142857142857 1.0476190476190474
0.47619047619047616 0.3333333333333333 1.1428571428571428
0.47619047619047616 0.38095238095238093 1.2380952380952381
0.47619047619047616 0.42857142857142855 1.3333333333333333
0.47619047619047616 0.47619047619047616 1.4285714285714284
0.47619047619047616 0.5238095238095237 1.5238095238095237
0.47619047619047616 0.5714285714285714 1.619047619047619
0.47619047619047616 0.6190476190476191 1.7142857142857144
0.47619047619047616 0.6666666666666666 1.8095238095238093
0.47619047619047616 0.7142857142857142 1.9047619047619047
0.47619047619047616 0.7619047619047619 2.0
0.47619047619047616 0.8095238095238095 2.0952380952380953
0.47619047619047616 0.8571428571428571 2.1904761904761902
0.47619047619047616 0.9047619047619047 2.2857142857142856
0.47619047619047616 0.9523809523809523 2.380952380952381
0.47619047619047616 1.0 2.4761904761904763
0.5238095238095237 0.0 0.5238095238095237
0.5238095238095237 0.047619047619047616 0.619047619047619
0.5238095238095237 0.09523809523809523 0.7142857142857142
0.5238095238095237 0.14285714285714285 0.8095238095238094
0.5238095238095237 0.19047619047619047 0.9047619047619047
0.5238095238095237 0.23809523809523808 0.9999999999999999
0.5238095238095237 0.2857142857142857 1.0952380952380951
0.5238095238095237 0.3333333333333333 1.1904761904761902
0.5238095238095237 0.38095238095238093 1.2857142857142856
0.5238095238095237 0.42857142857142855 1.380952380952381
0.5238095238095237 0.47619047619047616 1.476190476190476
0.5238095238095237 0.5238095238095237 1.5714285714285712
0.5238095238095237 0.5714285714285714 1.6666666666666665
0.5238095238095237 0.6190476190476191 1.7619047619047619
0.5238095238095237 0.6666666666666666 1.857142857142857
0.5238095238095237 0.7142857142857142 1.952380952380952
0.5238095238095237 0.7619047619047619 2.0476190476190474
0.5238095238095237 0.8095238095238095 2.142857142857143
0.5238095238095237 0.8571428571428571 2.238095238095238
0.5238095238095237 0.9047619047619047 2.333333333333333
0.5238095238095237 0.9523809523809523 2.4285714285714284
0.5238095238095237 1.0 2.5238095238095237
0.5714285714285714 0.0 0.5714285714285714
0.5714285714285714 0.047619047619047616 0.6666666666666666
0.5714285714285714 0.09523809523809523 0.7619047619047619
0.5714285714285714 0.14285714285714285 0.8571428571428571
0.5714285714285714 0.19047619047619047 0.9523809523809523
0.5714285714285714 0.23809523809523808 1.0476190476190474
0.5714285714285714 0.2857142857142857 1.1428571428571428
0.5714285714285714 0.3333333333333333 1.2380952380952381
0.5714285714285714 0.38095238095238093 1.3333333333333333
0.5714285714285714 0.42857142857142855 1.4285714285714284
0.5714285714285714 0.47619047619047616 1.5238095238095237
0.5714285714285714 0.5238095238095237 1.6190476190476188
0.5714285714285714 0.5714285714285714 1.7142857142857142
0.5714285714285714 0.6190476190476191 1.8095238095238095
0.5714285714285714 0.6666666666666666 1.9047619047619047
0.5714285714285714 0.7142857142857142 1.9999999999999998
0.5714285714285714 0.7619047619047619 2.095238095238095
0.5714285714285714 0.8095238095238095 2.1904761904761907
0.5714285714285714 0.8571428571428571 2.2857142857142856
0.5714285714285714 0.9047619047619047 2.3809523809523805
0.5714285714285714 0.9523809523809523 2.4761904761904763
0.5714285714285714 1.0 2.571428571428571
0.6190476190476191 0.0 0.6190476190476191
0.6190476190476191 0.047619047619047616 0.7142857142857143
0.6190476190476191 0.09523809523809523 0.8095238095238095
0.6190476190476191 0.14285714285714285 0.9047619047619048
0.6190476190476191 0.19047619047619047 1.0
0.6190476190476191 0.23809523809523808 1.0952380952380953
0.6190476190476191 0.2857142857142857 1.1904761904761905
0.6190476190476191 0.3333333333333333 1.2857142857142856
0.6190476190476191 0.38095238095238093 1.380952380952381
0.6190476190476191 0.42857142857142855 1.4761904761904763
0.6190476190476191 0.47619047619047616 1.5714285714285714
0.6190476190476191 0.5238095238095237 1.6666666666666665
0.6190476190476191 0.5714285714285714 1.7619047619047619
0.6190476190476191 0.6190476190476191 1.8571428571428572
0.6190476190476191 0.6666666666666666 1.9523809523809523
0.6190476190476191 0.7142857142857142 2.0476190476190474
0.6190476190476191 0.7619047619047619 2.142857142857143
0.6190476190476191 0.8095238095238095 2.238095238095238
0.6190476190476191 0.8571428571428571 2.333333333333333
0.6190476190476191 0.9047619047619047 2.4285714285714284
0.6190476190476191 0.9523809523809523 2.5238095238095237
0.6190476190476191 1.0 2.619047619047619
0.6666666666666666 0.0 0.6666666666666666
0.6666666666666666 0.047619047619047616 0.7619047619047619
0.6666666666666666 0.09523809523809523 0.8571428571428571
0.6666666666666666 0.14285714285714285 0.9523809523809523
0.6666666666666666 0.19047619047619047 1.0476190476190474
0.6666666666666666 0.23809523809523808 1.1428571428571428
0.6666666666666666 0.2857142857142857 1.2380952380952381
0.6666666666666666 0.3333333333333333 1.3333333333333333
0.6666666666666666 0.38095238095238093 1.4285714285714284
0.6666666666666666 0.42857142857142855 1.5238095238095237
0.6666666666666666 0.47619047619047616 1.619047619047619
0.6666666666666666 0.5238095238095237 1.714285714285714
0.6666666666666666 0.5714285714285714 1.8095238095238093
0.6666666666666666 0.6190476190476191 1.9047619047619047
0.6666666666666666 0.6666666666666666 2.0
0.6666666666666666 0.7142857142857142 2.095238095238095
0.6666666666666666 0.7619047619047619 2.1904761904761902
0.6666666666666666 0.8095238095238095 2.2857142857142856
0.6666666666666666 0.8571428571428571 2.380952380952381
0.6666666666666666 0.9047619047619047 2.476190476190476
0.6666666666666666 0.9523809523809523 2.571428571428571
0.6666666666666666 1.0 2.6666666666666665
0.7142857142857142 0.0 0.7142857142857142
0.7142857142857142 0.047619047619047616 0.8095238095238094
0.7142857142857142 0.09523809523809523 0.9047619047619047
0.7142857142857142 0.14285714285714285 0.9999999999999999
0.7142857142857142 0.19047619047619047 1.0952380952380951
0.7142857142857142 0.23809523809523808 1.1904761904761902
0.7142857142857142 0.2857142857142857 1.2857142857142856
0.7142857142857142 0.3333333333333333 1.380952380952381
0.7142857142857142 0.38095238095238093 1.476190476190476
0.7142857142857142 0.42857142857142855 1.5714285714285712
0.7142857142857142 0.47619047619047616 1.6666666666666665
0.7142857142857142 0.5238095238095237 1.7619047619047616
0.7142857142857142 0.5714285714285714 1.857142857142857
0.7142857142857142 0.6190476190476191 1.9523809523809523
0.7142857142857142 0.6666666666666666 2.0476190476190474
0.7142857142857142 0.7142857142857142 2.1428571428571423
0.7142857142857142 0.7619047619047619 2.238095238095238
0.7142857142857142 0.8095238095238095 2.333333333333333
0.7142857142857142 0.8571428571428571 2.4285714285714284
0.7142857142857142 0.9047619047619047 2.5238095238095237
0.7142857142857142 0.9523809523809523 2.6190476190476186
0.7142857142857142 1.0 2.7142857142857144
0.7619047619047619 0.0 0.7619047619047619
0.7619047619047619 0.047619047619047616 0.8571428571428571
0.7619047619047619 0.09523809523809523 0.9523809523809523
0.7619047619047619 0.14285714285714285 1.0476190476190474
0.7619047619047619 0.19047619047619047 1.1428571428571428
0.7619047619047619 0.23809523809523808 1.2380952380952381
0.7619047619047619 0.2857142857142857 1.3333333333333333
0.7619047619047619 0.3333333333333333 1.4285714285714284
0.7619047619047619 0.38095238095238093 1.5238095238095237
0.7619047619047619 0.42857142857142855 1.619047619047619
0.7619047619047619 0.47619047619047616 1.7142857142857142
0.7619047619047619 0.5238095238095237 1.8095238095238093
0.7619047619047619 0.5714285714285714 1.9047619047619047
0.7619047619047619 0.6190476190476191 2.0
0.7619047619047619 0.6666666666666666 2.095238095238095
0.7619047619047619 0.7142857142857142 2.1904761904761902
0.7619047619047619 0.7619047619047619 2.2857142857142856
0.7619047619047619 0.8095238095238095 2.380952380952381
0.7619047619047619 0.8571428571428571 2.4761904761904763
0.7619047619047619 0.9047619047619047 2.571428571428571
0.7619047619047619 0.9523809523809523 2.6666666666666665
0.7619047619047619 1.0 2.761904761904762
0.8095238095238095 0.0 0.8095238095238095
0.8095238095238095 0.047619047619047616 0.9047619047619048
0.8095238095238095 0.09523809523809523 1.0
0.8095238095238095 0.14285714285714285 1.0952380952380953
0.8095238095238095 0.19047619047619047 1.1904761904761905
0.8095238095238095 0.23809523809523808 1.2857142857142856
0.8095238095238095 0.2857142857142857 1.380952380952381
0.8095238095238095 0.3333333333333333 1.4761904761904763
0.8095238095238095 0.38095238095238093 1.5714285714285714
0.8095238095238095 0.42857142857142855 1.6666666666666665
0.8095238095238095 0.47619047619047616 1.7619047619047619
0.8095238095238095 0.5238095238095237 1.857142857142857
0.8095238095238095 0.5714285714285714 1.9523809523809523
0.8095238095238095 0.6190476190476191 2.0476190476190474
0.8095238095238095 0.6666666666666666 2.142857142857143
0.8095238095238095 0.7142857142857142 2.238095238095238
0.8095238095238095 0.7619047619047619 2.333333333333333
0.8095238095238095 0.8095238095238095 2.428571428571429
0.8095238095238095 0.8571428571428571 2.5238095238095237
0.8095238095238095 0.9047619047619047 2.6190476190476186
0.8095238095238095 0.9523809523809523 2.7142857142857144
0.8095238095238095 1.0 2.8095238095238093
0.8571428571428571 0.0 0.8571428571428571
0.8571428571428571 0.047619047619047616 0.9523809523809523
0.8571428571428571 0.09523809523809523 1.0476190476190474
0.8571428571428571 0.14285714285714285 1.1428571428571428
0.8571428571428571 0.19047619047619047 1.2380952380952381
0.8571428571428571 0.23809523809523808 1.3333333333333333
0.8571428571428571 0.2857142857142857 1.4285714285714284
0.8571428571428571 0.3333333333333333 1.5238095238095237
0.8571428571428571 0.38095238095238093 1.619047619047619
0.8571428571428571 0.42857142857142855 1.7142857142857142
0.8571428571428571 0.47619047619047616 1.8095238095238093
0.8571428571428571 0.5238095238095237 1.9047619047619047
0.8571428571428571 0.5714285714285714 2.0
0.8571428571428571 0.6190476190476191 2.0952380952380953
0.8571428571428571 0.6666666666666666 2.1904761904761902
0.8571428571428571 0.7142857142857142 2.2857142857142856
0.8571428571428571 0.7619047619047619 2.380952380952381
0.8571428571428571 0.8095238095238095 2.4761904761904763
0.8571428571428571 0.8571428571428571 2.571428571428571
0.8571428571428571 0.9047619047619047 2.6666666666666665
0.8571428571428571 0.9523809523809523 2.761904761904762
0.8571428571428571 1.0 2.857142857142857
0.9047619047619047 0.0 0.9047619047619047
0.9047619047619047 0.047619047619047616 0.9999999999999999
0.9047619047619047 0.09523809523809523 1.0952380952380951
0.9047619047619047 0.14285714285714285 1.1904761904761902
0.9047619047619047 0.19047619047619047 1.2857142857142856
0.9047619047619047 0.23809523809523808 1.380952380952381
0.9047619047619047 0.2857142857142857 1.476190476190476
0.9047619047619047 0.3333333333333333 1.5714285714285712
0.9047619047619047 0.38095238095238093 1.6666666666666665
0.9047619047619047 0.42857142857142855 1.7619047619047619
0.9047619047619047 0.47619047619047616 1.857142857142857
0.9047619047619047 0.5238095238095237 1.952380952380952
0.9047619047619047 0.5714285714285714 2.0476190476190474
0.9047619047619047 0.6190476190476191 2.142857142857143
0.9047619047619047 0.6666666666666666 2.238095238095238
0.9047619047619047 0.7142857142857142 2.333333333333333
0.9047619047619047 0.7619047619047619 2.4285714285714284
0.9047619047619047 0.8095238095238095 2.5238095238095237
0.9047619047619047 0.8571428571428571 2.6190476190476186
0.9047619047619047 0.9047619047619047 2.714285714285714
0.9047619047619047 0.9523809523809523 2.8095238095238093
0.9047619047619047 1.0 2.9047619047619047
0.9523809523809523 0.0 0.9523809523809523
0.9523809523809523 0.047619047619047616 1.0476190476190474
0.9523809523809523 0.09523809523809523 1.1428571428571428
0.9523809523809523 0.14285714285714285 1.2380952380952381
0.9523809523809523 0.19047619047619047 1.3333333333333333
0.9523809523809523 0.23809523809523808 1.4285714285714284
0.9523809523809523 0.2857142857142857 1.5238095238095237
0.9523809523809523 0.3333333333333333 1.619047619047619
0.9523809523809523 0.38095238095238093 1.7142857142857142
0.9523809523809523 0.42857142857142855 1.8095238095238093
0.9523809523809523 0.47619047619047616 1.9047619047619047
0.9523809523809523 0.5238095238095237 1.9999999999999998
0.9523809523809523 0.5714285714285714 2.095238095238095
0.9523809523809523 0.6190476190476191 2.1904761904761907
0.9523809523809523 0.6666666666666666 2.2857142857142856
0.9523809523809523 0.7142857142857142 2.3809523809523805
0.9523809523809523 0.7619047619047619 2.4761904761904763
0.9523809523809523 0.8095238095238095 2.571428571428571
0.9523809523809523 0.8571428571428571 2.6666666666666665
0.9523809523809523 0.9047619047619047 2.761904761904762
0.9523809523809523 0.9523809523809523 2.8571428571428568
0.9523809523809523 1.0 2.9523809523809526
1.0 0.0 1.0
1.0 0.047619047619047616 1.0952380952380953
1.0 0.09523809523809523 1.1904761904761905
1.0 0.14285714285714285 1.2857142857142856
1.0 0.19047619047619047 1.380952380952381
1.0 0.23809523809523808 1.4761904761904763
1.0 0.2857142857142857 1.5714285714285714
1.0 0.3333333333333333 1.6666666666666665
1.0 0.38095238095238093 1.7619047619047619
1.0 0.42857142857142855 1.8571428571428572
1.0 0.47619047619047616 1.9523809523809523
1.0 0.5238095238095237 2.0476190476190474
1.0 0.5714285714285714 2.142857142857143
1.0 0.6190476190476191 2.238095238095238
1.0 0.6666666666666666 2.333333333333333
1.0 0.7142857142857142 2.4285714285714284
1.0 0.7619047619047619 2.5238095238095237
1.0 0.8095238095238095 2.619047619047619
1.0 0.8571428571428571 2.7142857142857144
1.0 0.9047619047619047 2.8095238095238093
1.0 0.9523809523809523 2.9047619047619047
1.0 1.0 3.0