X1 cel rozszerzone
-1.0 -29.0 -23.993462369202874
-0.9933110367892977 -28.880268299244257 -23.96139106027205
-0.9866220735785953 -28.76186988697986 -23.92875466044474
-0.979933110367893 -28.644795784833125 -23.895547075708066
-0.9732441471571907 -28.52903701443038 -23.861762408541523
-0.9665551839464883 -28.41458459739794 -23.82739497009139
-0.959866220735786 -28.30142955536213 -23.792439292468302
-0.9531772575250836 -28.189562909949267 -23.75689014115293
-0.9464882943143813 -28.07897568278568 -23.72074252749409
-0.939799331103679 -27.96965889549768 -23.68399172128251
-0.9331103678929766 -27.861603569711594 -23.646633263383187
-0.9264214046822743 -27.754800727053738 -23.608662978408326
-0.919732441471572 -27.649241389150436 -23.57007698741221
-0.9130434782608696 -27.544916577628012 -23.53087172058872
-0.9063545150501673 -27.441817314112782 -23.49104392995142
-0.8996655518394648 -27.339934620231066 -23.450590701975802
-0.8929765886287625 -27.23925951760919 -23.409509470182194
-0.8862876254180602 -27.139783027873474 -23.36779802763767
-0.8795986622073578 -27.041496172650234 -23.32545453935452
-0.8729096989966555 -26.944389973565798 -23.282477554562234
-0.8662207357859532 -26.84845545224648 -23.2388660188296
-0.8595317725752508 -26.753683630318605 -23.194619286012966
-0.8528428093645485 -26.66006552940849 -23.14973713000616
-0.8461538461538461 -26.567592171142465 -23.104219756267334
-0.8394648829431438 -26.476254577146847 -23.05806781309743
-0.8327759197324415 -26.386043769047948 -23.011282402644806
-0.8260869565217391 -26.296950768472094 -22.963865091610128
-0.8193979933110368 -26.208966597045613 -22.915817921625425
-0.8127090301003345 -26.12208227639482 -22.867143419281014
-0.8060200668896321 -26.036288828146034 -22.817844605773935
-0.7993311036789298 -25.95157727392558 -22.767925006151145
-0.7926421404682275 -25.867938635359778 -22.717388658121084
-0.7859531772575251 -25.785363934074944 -22.666240120406876
-0.7792642140468228 -25.703844191697407 -22.614484480614635
-0.7725752508361204 -25.62337042985348 -22.56212736259058
-0.7658862876254181 -25.543933670169494 -22.50917493324048
-0.7591973244147157 -25.465524934271755 -22.455633908785675
-0.7525083612040133 -25.3881352437866 -22.401511560429874
-0.745819397993311 -25.311755620340342 -22.34681571941132
-0.7391304347826086 -25.236377085559297 -22.291554781415595
-0.7324414715719063 -25.161990661069797 -22.235737710324475
-0.725752508361204 -25.088587368498157 -22.179374041277185
-0.7190635451505016 -25.016158229470697 -22.122473883020696
-0.7123745819397993 -24.944694265613737 -22.06504791952664
-0.705685618729097 -24.874186498553602 -22.007107410853127
-0.6989966555183946 -24.804625949916613 -21.948664193230506
-0.6923076923076923 -24.736003641329084 -21.88973067835109
-0.68561872909699 -24.668310594417346 -21.83031985184388
-0.6789297658862876 -24.60153783080771 -21.770445270916284
-0.6722408026755853 -24.535676372126503 -21.71012106114592
-0.6655518394648829 -24.470717240000045 -21.64936191240688
-0.6588628762541806 -24.406651456054657 -21.58818307391603
-0.6521739130434783 -24.34347004191666 -21.526600348386047
-0.6454849498327759 -24.281164019212373 -21.464630085273726
-0.6387959866220736 -24.21972440956812 -21.40228917311277
-0.6321070234113713 -24.159142234610215 -21.339595030922744
-0.6254180602006689 -24.09940851596499 -21.276565598686474
-0.6187290969899666 -24.040514275258758 -21.213219326890332
-0.6120401337792643 -23.982450534117838 -21.149575165123526
-0.6053511705685619 -23.925208314168557 -21.085652549733773
-0.5986622073578596 -23.868778637037234 -21.02147139053904
-0.5919732441471572 -23.81315252435019 -20.957052056596424
-0.5852842809364549 -23.758320997733748 -20.8924153610313
-0.5785953177257526 -23.704275078814224 -20.827582544931705
-0.5719063545150502 -23.65100578921794 -20.76257526031469
-0.5652173913043479 -23.598504150571216 -20.69741555217363
-0.5585284280936456 -23.54676118450038 -20.632125839617125
-0.5518394648829432 -23.495767912631745 -20.566728896112224
-0.5451505016722409 -23.445515356591635 -20.50124782884693
-0.5384615384615385 -23.395994538006374 -20.435706057228536
-0.5317725752508362 -23.347196478502276 -20.37012729053678
-0.5250836120401338 -23.299112199705668 -20.304535504752586
-0.5183946488294314 -23.251732723242867 -20.23895491858536
-0.5117056856187291 -23.205049070740195 -20.17340996872358
-0.5050167224080268 -23.159052263823973 -20.10792528433586
-0.4983277591973244 -23.113733324120524 -20.042525660851148
-0.4916387959866221 -23.06908327325617 -19.977236033049138
-0.48494983277591974 -23.025093132857222 -19.912081447493605
-0.4782608695652174 -22.981753924550013 -19.847087034343566
-0.47157190635451507 -22.939056669960856 -19.78227797857872
-0.46488294314381273 -22.89699239071608 -19.717679490677792
-0.4581939799331104 -22.855552108441994 -19.653316776789936
-0.45150501672240806 -22.81472684476493 -19.589215008441222
-0.4448160535117057 -22.7745076213112 -19.525399291819753
-0.4381270903010034 -22.734885459707137 -19.461894636684825
-0.43143812709030105 -22.695851381579047 -19.398725924946717
-0.4247491638795987 -22.65739640855326 -19.33591787896554
-0.4180602006688964 -22.6195115622561 -19.273495029618548
-0.41137123745819404 -22.58218786431388 -19.21148168418699
-0.4046822742474917 -22.545416336352922 -19.14990189411449
-0.39799331103678925 -22.50918799999955 -19.088779422690234
-0.3913043478260869 -22.473493876880084 -19.028137712711043
-0.3846153846153846 -22.43832498862085 -18.967999854177627
-0.37792642140468224 -22.403672356848155 -18.908388552080712
-0.3712374581939799 -22.36952700318833 -18.849326094333822
-0.36454849498327757 -22.3358799492677 -18.790834319909674
-0.35785953177257523 -22.302722216712574 -18.7329345872379
-0.3511705685618729 -22.270044827149285 -18.675647742921957
-0.34448160535117056 -22.237838802204145 -18.618994090833382
-0.3377926421404682 -22.20609516350348 -18.56299336164151
-0.3311036789297659 -22.17480493267361 -18.507664682836868
-0.32441471571906355 -22.14395913134085 -18.453026549306145
-0.3177257525083612 -22.113548781131527 -18.399096794516378
-0.3110367892976589 -22.083564903671963 -18.345892562365563
-0.30434782608695654 -22.05399852058848 -18.293430279756194
-0.2976588628762542 -22.02484065350739 -18.241725629947748
-0.29096989966555187 -21.99608232405502 -18.19079352674296
-0.28428093645484953 -21.96771455385769 -18.14064808956209
-0.2775919732441472 -21.939728364541722 -18.091302619457938
-0.27090301003344486 -21.91211477773344 -18.042769576123348
-0.2642140468227425 -21.884864815059156 -17.99506055594149
-0.2575250836120402 -21.8579694981452 -17.948186271127508
-0.25083612040133785 -21.831419848617884 -17.902156530008916
-0.2441471571906355 -21.80520688810354 -17.85698021848981
-0.23745819397993317 -21.77932163822848 -17.812665282742522
-0.23076923076923084 -21.753755120619026 -17.769218713168165
-0.2240802675585284 -21.7284983569015 -17.72664652966531
-0.21739130434782605 -21.703542368702227 -17.684953768244
-0.21070234113712372 -21.678878177647523 -17.64414446901986
-0.20401337792642138 -21.65449680536371 -17.604221665620614
-0.19732441471571904 -21.63038927347711 -17.565187376034842
-0.1906354515050167 -21.606546603614042 -17.527042594930215
-0.18394648829431437 -21.582959817400827 -17.489787287465656
-0.17725752508361203 -21.55961993646379 -17.453420384619164
-0.1705685618729097 -21.53651798242925 -17.417939780050194
-0.16387959866220736 -21.513644976923523 -17.383342328512484
-0.15719063545150502 -21.490991941572933 -17.34962384583038
-0.1505016722408027 -21.468549898003804 -17.31677911044855
-0.14381270903010035 -21.446309867842455 -17.284801866562034
-0.137123745819398 -21.424262872715204 -17.25368482883031
-0.13043478260869568 -21.402399934248376 -17.22341968867616
-0.12374581939799334 -21.380712074068292 -17.193997122166646
-0.117056856187291 -21.359190313801268 -17.16540679947074
-0.11036789297658867 -21.33782567507363 -17.137637395884507
-0.10367892976588633 -21.316609179511694 -17.110676604412035
-0.09698996655518399 -21.29553184874179 -17.084511149886765
-0.09030100334448166 -21.274584704390225 -17.05912680461504
-0.08361204013377932 -21.253758768083333 -17.034508405520263
-0.07692307692307698 -21.233045061447427 -17.01063987276333
-0.07023411371237465 -21.212434606108832 -16.987504229811638
-0.06354515050167231 -21.19191842369387 -16.96508362492616
-0.05685618729096986 -21.171487535828852 -16.943359354033184
-0.050167224080267525 -21.151132964140114 -16.922311884944296
-0.04347826086956519 -21.130845730253967 -16.90192088288552
-0.03678929765886285 -21.11061685579673 -16.88216523729378
-0.030100334448160515 -21.09043736239473 -16.86302308983623
-0.02341137123745818 -21.07029827167429 -16.84447186360551
-0.01672240802675584 -21.050190605261722 -16.826488293441457
-0.010033444816053505 -21.030105384783354 -16.80904845732759
-0.0033444816053511683 -21.010033631865504 -16.792127808808488
0.0033444816053511683 -20.989966368134496 -16.775701210371952
0.010033444816053505 -20.969894615216646 -16.759742967738077
0.01672240802675584 -20.949809394738278 -16.744226864995404
0.02341137123745818 -20.92970172832571 -16.729126200522614
0.030100334448160515 -20.90956263760527 -16.714413823632768
0.03678929765886285 -20.88938314420327 -16.700062171875633
0.04347826086956519 -20.869154269746033 -16.68604330893227
0.050167224080267525 -20.848867035859886 -16.672328963035106
0.05685618729096986 -20.828512464171144 -16.6588905658457
0.0635451505016722 -20.808081576306133 -16.64569929172137
0.07023411371237454 -20.787565393891168 -16.63272609730166
0.07692307692307687 -20.766954938552573 -16.61994176134458
0.08361204013377921 -20.746241231916667 -16.60731692474268
0.09030100334448155 -20.725415295609775 -16.594822130648478
0.09698996655518388 -20.70446815125821 -16.582427864639
0.10367892976588622 -20.683390820488306 -16.570104594849116
0.11036789297658856 -20.662174324926372 -16.557822812003845
0.11705685618729089 -20.640809686198732 -16.545553069279993
0.12374581939799323 -20.619287925931708 -16.533266021928416
0.13043478260869557 -20.597600065751624 -16.520932466588608
0.1371237458193979 -20.575737127284796 -16.50852338022849
0.14381270903010024 -20.553690132157545 -16.496009958643203
0.15050167224080258 -20.531450101996196 -16.48336365444782
0.1571906354515049 -20.509008058427067 -16.47055621450049
0.16387959866220725 -20.486355023076477 -16.457559716693638
0.17056856187290959 -20.463482017570755 -16.44434660605275
0.17725752508361192 -20.44038006353621 -16.430889730083884
0.18394648829431426 -20.417040182599173 -16.417162373312742
0.1906354515050166 -20.393453396385958 -16.40313829096046
0.19732441471571893 -20.36961072652289 -16.388791741702917
0.2040133779264215 -20.34550319463629 -16.374097519462914
0.21070234113712383 -20.321121822352477 -16.359030984186592
0.21739130434782616 -20.296457631297773 -16.343568091557938
0.2240802675585285 -20.271501643098496 -16.327685421607676
0.23076923076923084 -20.246244879380974 -16.31136020617535
0.23745819397993317 -20.220678361771522 -16.294570355185922
0.2441471571906355 -20.19479311189646 -16.27729448170512
0.25083612040133785 -20.168580151382113 -16.25951192574009
0.2575250836120402 -20.1420305018548 -16.241202776755138
0.2642140468227425 -20.115135184940844 -16.222347894874765
0.27090301003344486 -20.08788522226656 -16.20292893074923
0.2775919732441472 -20.060271635458275 -16.182928344060795
0.28428093645484953 -20.03228544614231 -16.162329420651524
0.29096989966555187 -20.00391767594498 -16.141116288256555
0.2976588628762542 -19.97515934649261 -16.119273930829642
0.30434782608695654 -19.94600147941152 -16.09678820145056
0.3110367892976589 -19.916435096328037 -16.073645833807088
0.3177257525083612 -19.886451218868473 -16.04983445224691
0.32441471571906355 -19.85604086865915 -16.02534258039778
0.3311036789297659 -19.825195067326394 -16.000159648357123
0.3377926421404682 -19.79390483649652 -15.974275998454942
0.34448160535117056 -19.762161197795855 -15.947682889596695
0.3511705685618729 -19.729955172850715 -15.920372500195597
0.35785953177257523 -19.697277783287422 -15.892337929706157
0.36454849498327757 -19.6641200507323 -15.86357319877369
0.3712374581939799 -19.63047299681167 -15.834073248016836
0.37792642140468224 -19.596327643151845 -15.80383393546252
0.3846153846153846 -19.561675011379155 -15.77285203265536
0.3913043478260869 -19.526506123119916 -15.74112521946553
0.39799331103678925 -19.49081200000045 -15.708652077621567
0.4046822742474916 -19.454583663647078 -15.675432082996425
0.41137123745819393 -19.41781213568612 -15.641465596677307
0.41806020066889626 -19.3804884377439 -15.606753854851592
0.4247491638795986 -19.34260359144674 -15.571298957543066
0.43143812709030094 -19.304148618420953 -15.535103856234207
0.4381270903010033 -19.265114540292863 -15.498172340412147
0.4448160535117056 -19.2254923786888 -15.460509023077078
0.45150501672240795 -19.185273155235073 -15.422119325253613
0.4581939799331103 -19.144447891558006 -15.383009459546559
0.4648829431438126 -19.103007609283924 -15.343186412783925
0.47157190635451496 -19.060943330039144 -15.3026579277909
0.4782608695652173 -19.018246075449987 -15.261432484339622
0.48494983277591963 -18.974906867142778 -15.21951927932015
0.49163879598662197 -18.930916726743835 -15.176928206178957
0.4983277591973243 -18.886266675879476 -15.133669833671746
0.5050167224080266 -18.840947736176027 -15.089755383977842
0.511705685618729 -18.794950929259805 -15.045196710223912
0.5183946488294313 -18.748267276757137 -15.000006273464786
0.5250836120401337 -18.700887800294336 -14.954197119169555
0.531772575250836 -18.652803521497724 -14.907782853260974
0.5384615384615383 -18.60400546199363 -14.860777617756181
0.5451505016722409 -18.554484643408365 -14.813196066056621
0.5518394648829432 -18.504232087368255 -14.765053337934738
0.5585284280936456 -18.45323881549962 -14.716365034264603
0.5652173913043479 -18.401495849428784 -14.667147191543297
0.5719063545150502 -18.34899421078206 -14.61741625624922
0.5785953177257526 -18.295724921185776 -14.567189059082857
0.5852842809364549 -18.241679002266252 -14.516482789134868
0.5919732441471572 -18.18684747564981 -14.465314968025528
0.5986622073578596 -18.131221362962766 -14.413703424058665
0.6053511705685619 -18.074791685831443 -14.361666266432245
0.6120401337792643 -18.017549465882162 -14.3092218595469
0.6187290969899666 -17.959485724741246 -14.256388797452324
0.6254180602006689 -17.90059148403501 -14.203185878470622
0.6321070234113713 -17.840857765389785 -14.149632080034248
0.6387959866220736 -17.78027559043188 -14.095746533775083
0.6454849498327759 -17.718835980787627 -14.041548500899792
0.6521739130434783 -17.65652995808334 -13.987057347885301
0.6588628762541806 -17.593348543945343 -13.932292522526824
0.6655518394648829 -17.529282759999955 -13.877273530369523
0.6722408026755853 -17.464323627873497 -13.82201991155333
0.6789297658862876 -17.39846216919229 -13.766551218098963
0.68561872909699 -17.331689405582654 -13.71088699166194
0.6923076923076923 -17.263996358670916 -13.655046741779412
0.6989966555183946 -17.195374050083387 -13.599049924633558
0.705685618729097 -17.125813501446398 -13.54291592235349
0.7123745819397993 -17.055305734386263 -13.486664022876056
0.7190635451505016 -16.983841770529303 -13.430313400384609
0.725752508361204 -16.911412631501843 -13.373883096342936
0.7324414715719063 -16.838009338930203 -13.31739200114032
0.7391304347826086 -16.7636229144407 -13.260858836361887
0.745819397993311 -16.68824437965966 -13.204302137697095
0.7525083612040133 -16.6118647562134 -13.147740238497622
0.7591973244147157 -16.534475065728245 -13.091191253994353
0.765886287625418 -16.45606632983051 -13.034673066181838
0.7725752508361203 -16.37662957014652 -12.978203309377054
0.7792642140468227 -16.296155808302593 -12.921799356457939
0.785953177257525 -16.214636065925056 -12.86547830578569
0.7926421404682273 -16.132061364640226 -12.809256968813624
0.7993311036789297 -16.04842272607442 -12.753151858383902
0.806020066889632 -15.963711171853966 -12.697179177712265
0.8127090301003344 -15.877917723605183 -12.641354810059571
0.8193979933110367 -15.791033402954387 -12.585694309087888
0.826086956521739 -15.703049231527904 -12.530212889897433
0.8327759197324414 -15.613956230952054 -12.474925420739925
0.8394648829431437 -15.523745422853157 -12.419846415402422
0.846153846153846 -15.432407828857535 -12.364990026255004
0.8528428093645484 -15.339934470591507 -12.310370037954522
0.8595317725752507 -15.246316369681395 -12.255999861795637
0.866220735785953 -15.151544547753522 -12.201892530699686
0.8729096989966554 -15.055610026434204 -12.148060694830782
0.8795986622073577 -14.958503827349766 -12.094516617828052
0.8862876254180603 -14.860216972126526 -12.041272173641897
0.8929765886287626 -14.760740482390808 -11.98833884396166
0.899665551839465 -14.660065379768932 -11.935727716221315
0.9063545150501673 -14.55818268588722 -11.88344948216918
0.9130434782608696 -14.455083422371988 -11.83151443698728
0.919732441471572 -14.350758610849564 -11.779932478945142
0.9264214046822743 -14.245199272946262 -11.728713109572702
0.9331103678929766 -14.138396430288408 -11.677865434336333
0.939799331103679 -14.030341104502321 -11.627398163801736
0.9464882943143813 -13.921024317214322 -11.577319615267125
0.9531772575250836 -13.81043709005073 -11.52763771484982
0.959866220735786 -13.69857044463787 -11.478360000009104
0.9665551839464883 -13.58541540260206 -11.429493622488081
0.9732441471571907 -13.47096298556962 -11.38104535165705
0.979933110367893 -13.355204215166875 -11.333021578240835
0.9866220735785953 -13.23813011302014 -11.28542831841245
0.9933110367892977 -13.119731700755743 -11.238271218235345
1.0 -13.0 -11.191555558436619
