X1 X2 cel rozszerzone
-3.14 -3.14 -2.9999971463869137 -2.999996898552248
-3.14 -2.840952380952381 -2.9999971463869137 -2.910293594730709
-3.14 -2.541904761904762 -2.9999971463869137 -2.6510230437354037
-3.14 -2.242857142857143 -2.9999971463869137 -2.2451993941380537
-3.14 -1.9438095238095239 -2.9999971463869137 -1.7288455792409507
-3.14 -1.6447619047619049 -2.9999971463869137 -1.1477957416646056
-3.14 -1.3457142857142856 -2.9999971463869137 -0.5536267660116941
-3.14 -1.0466666666666669 -2.9999971463869137 9.199429192420228E-4
-3.14 -0.7476190476190476 -2.9999971463869137 0.4666200505468071
-3.14 -0.4485714285714284 -2.9999971463869137 0.802135690207532
-3.14 -0.14952380952380961 -2.9999971463869137 0.9776848185893393
-3.14 0.14952380952380961 -2.9999971463869137 0.9776848185893393
-3.14 0.44857142857142884 -2.9999971463869137 0.8021356902075315
-3.14 0.7476190476190476 -2.9999971463869137 0.4666200505468071
-3.14 1.0466666666666664 -2.9999971463869137 9.199429192429109E-4
-3.14 1.3457142857142856 -2.9999971463869137 -0.5536267660116941
-3.14 1.6447619047619049 -2.9999971463869137 -1.1477957416646056
-3.14 1.943809523809524 -2.9999971463869137 -1.7288455792409512
-3.14 2.2428571428571433 -2.9999971463869137 -2.2451993941380546
-3.14 2.5419047619047617 -2.9999971463869137 -2.6510230437354028
-3.14 2.840952380952381 -2.9999971463869137 -2.910293594730709
-3.14 3.14 -2.9999971463869137 -2.999996898552248
-2.840952380952381 -3.14 -2.8990173463285744 -2.988684499621109
-2.840952380952381 -2.840952380952381 -2.8990173463285744 -2.8989811957995695
-2.840952380952381 -2.541904761904762 -2.8990173463285744 -2.639710644804264
-2.840952380952381 -2.242857142857143 -2.8990173463285744 -2.2338869952069142
-2.840952380952381 -1.9438095238095239 -2.8990173463285744 -1.7175331803098115
-2.840952380952381 -1.6447619047619049 -2.8990173463285744 -1.1364833427334662
-2.840952380952381 -1.3457142857142856 -2.8990173463285744 -0.5423143670805548
-2.840952380952381 -1.0466666666666669 -2.8990173463285744 0.012232341850381356
-2.840952380952381 -0.7476190476190476 -2.8990173463285744 0.47793244947794644
-2.840952380952381 -0.4485714285714284 -2.8990173463285744 0.8134480891386713
-2.840952380952381 -0.14952380952380961 -2.8990173463285744 0.9889972175204786
-2.840952380952381 0.14952380952380961 -2.8990173463285744 0.9889972175204786
-2.840952380952381 0.44857142857142884 -2.8990173463285744 0.8134480891386708
-2.840952380952381 0.7476190476190476 -2.8990173463285744 0.47793244947794644
-2.840952380952381 1.0466666666666664 -2.8990173463285744 0.012232341850382245
-2.840952380952381 1.3457142857142856 -2.8990173463285744 -0.5423143670805548
-2.840952380952381 1.6447619047619049 -2.8990173463285744 -1.1364833427334662
-2.840952380952381 1.943809523809524 -2.8990173463285744 -1.717533180309812
-2.840952380952381 2.2428571428571433 -2.8990173463285744 -2.233886995206915
-2.840952380952381 2.5419047619047617 -2.8990173463285744 -2.6397106448042633
-2.840952380952381 2.840952380952381 -2.8990173463285744 -2.8989811957995695
-2.840952380952381 3.14 -2.8990173463285744 -2.988684499621109
-2.541904761904762 -3.14 -2.6064062032879165 -2.955316289997638
-2.541904761904762 -2.840952380952381 -2.6064062032879165 -2.8656129861760986
-2.541904761904762 -2.541904761904762 -2.6064062032879165 -2.6063424351807933
-2.541904761904762 -2.242857142857143 -2.6064062032879165 -2.200518785583444
-2.541904761904762 -1.9438095238095239 -2.6064062032879165 -1.6841649706863406
-2.541904761904762 -1.6447619047619049 -2.6064062032879165 -1.1031151331099955
-2.541904761904762 -1.3457142857142856 -2.6064062032879165 -0.508946157457084
-2.541904761904762 -1.0466666666666669 -2.6064062032879165 0.04560055147385211
-2.541904761904762 -0.7476190476190476 -2.6064062032879165 0.5113006591014172
-2.541904761904762 -0.4485714285714284 -2.6064062032879165 0.846816298762142
-2.541904761904762 -0.14952380952380961 -2.6064062032879165 1.0223654271439493
-2.541904761904762 0.14952380952380961 -2.6064062032879165 1.0223654271439493
-2.541904761904762 0.44857142857142884 -2.6064062032879165 0.8468162987621416
-2.541904761904762 0.7476190476190476 -2.6064062032879165 0.5113006591014172
-2.541904761904762 1.0466666666666664 -2.6064062032879165 0.045600551473853
-2.541904761904762 1.3457142857142856 -2.6064062032879165 -0.508946157457084
-2.541904761904762 1.6447619047619049 -2.6064062032879165 -1.1031151331099955
-2.541904761904762 1.943809523809524 -2.6064062032879165 -1.684164970686341
-2.541904761904762 2.2428571428571433 -2.6064062032879165 -2.2005187855834443
-2.541904761904762 2.5419047619047617 -2.6064062032879165 -2.606342435180793
-2.541904761904762 2.840952380952381 -2.6064062032879165 -2.8656129861760986
-2.541904761904762 3.14 -2.6064062032879165 -2.955316289997638
-2.242857142857143 -3.14 -2.145921886030686 -2.9006366537868926
-2.242857142857143 -2.840952380952381 -2.145921886030686 -2.810933349965353
-2.242857142857143 -2.541904761904762 -2.145921886030686 -2.5516627989700478
-2.242857142857143 -2.242857142857143 -2.145921886030686 -2.1458391493726983
-2.242857142857143 -1.9438095238095239 -2.145921886030686 -1.629485334475595
-2.242857142857143 -1.6447619047619049 -2.145921886030686 -1.04843549689925
-2.242857142857143 -1.3457142857142856 -2.145921886030686 -0.4542665212463385
-2.242857142857143 -1.0466666666666669 -2.145921886030686 0.10028018768459768
-2.242857142857143 -0.7476190476190476 -2.145921886030686 0.5659802953121628
-2.242857142857143 -0.4485714285714284 -2.145921886030686 0.9014959349728876
-2.242857142857143 -0.14952380952380961 -2.145921886030686 1.0770450633546949
-2.242857142857143 0.14952380952380961 -2.145921886030686 1.0770450633546949
-2.242857142857143 0.44857142857142884 -2.145921886030686 0.9014959349728872
-2.242857142857143 0.7476190476190476 -2.145921886030686 0.5659802953121628
-2.242857142857143 1.0466666666666664 -2.145921886030686 0.10028018768459857
-2.242857142857143 1.3457142857142856 -2.145921886030686 -0.4542665212463385
-2.242857142857143 1.6447619047619049 -2.145921886030686 -1.04843549689925
-2.242857142857143 1.943809523809524 -2.145921886030686 -1.6294853344755955
-2.242857142857143 2.2428571428571433 -2.145921886030686 -2.1458391493726987
-2.242857142857143 2.5419047619047617 -2.145921886030686 -2.5516627989700473
-2.242857142857143 2.840952380952381 -2.145921886030686 -2.810933349965353
-2.242857142857143 3.14 -2.145921886030686 -2.9006366537868926
-1.9438095238095239 -3.14 -1.554807121451999 -2.825865394284429
-1.9438095238095239 -2.840952380952381 -1.554807121451999 -2.73616209046289
-1.9438095238095239 -2.541904761904762 -1.554807121451999 -2.4768915394675846
-1.9438095238095239 -2.242857142857143 -1.554807121451999 -2.0710678898702346
-1.9438095238095239 -1.9438095238095239 -1.554807121451999 -1.5547140749731316
-1.9438095238095239 -1.6447619047619049 -1.554807121451999 -0.9736642373967865
-1.9438095238095239 -1.3457142857142856 -1.554807121451999 -0.37949526174387493
-1.9438095238095239 -1.0466666666666669 -1.554807121451999 0.17505144718706123
-1.9438095238095239 -0.7476190476190476 -1.554807121451999 0.6407515548146263
-1.9438095238095239 -0.4485714285714284 -1.554807121451999 0.9762671944753512
-1.9438095238095239 -0.14952380952380961 -1.554807121451999 1.1518163228571585
-1.9438095238095239 0.14952380952380961 -1.554807121451999 1.1518163228571585
-1.9438095238095239 0.44857142857142884 -1.554807121451999 0.9762671944753507
-1.9438095238095239 0.7476190476190476 -1.554807121451999 0.6407515548146263
-1.9438095238095239 1.0466666666666664 -1.554807121451999 0.17505144718706211
-1.9438095238095239 1.3457142857142856 -1.554807121451999 -0.37949526174387493
-1.9438095238095239 1.6447619047619049 -1.554807121451999 -0.9736642373967865
-1.9438095238095239 1.943809523809524 -1.554807121451999 -1.554714074973132
-1.9438095238095239 2.2428571428571433 -1.554807121451999 -2.0710678898702355
-1.9438095238095239 2.5419047619047617 -1.554807121451999 -2.4768915394675837
-1.9438095238095239 2.840952380952381 -1.554807121451999 -2.73616209046289
-1.9438095238095239 3.14 -1.554807121451999 -2.825865394284429
-1.6447619047619049 -3.14 -0.8805643985596159 -2.7326705223819534
-1.6447619047619049 -2.840952380952381 -0.8805643985596159 -2.642967218560414
-1.6447619047619049 -2.541904761904762 -0.8805643985596159 -2.3836966675651086
-1.6447619047619049 -2.242857142857143 -0.8805643985596159 -1.977873017967759
-1.6447619047619049 -1.9438095238095239 -0.8805643985596159 -1.4615192030706559
-1.6447619047619049 -1.6447619047619049 -0.8805643985596159 -0.8804693654943109
-1.6447619047619049 -1.3457142857142856 -0.8805643985596159 -0.28630038984139927
-1.6447619047619049 -1.0466666666666669 -0.8805643985596159 0.2682463190895369
-1.6447619047619049 -0.7476190476190476 -0.8805643985596159 0.733946426717102
-1.6447619047619049 -0.4485714285714284 -0.8805643985596159 1.069462066377827
-1.6447619047619049 -0.14952380952380961 -0.8805643985596159 1.245011194759634
-1.6447619047619049 0.14952380952380961 -0.8805643985596159 1.245011194759634
-1.6447619047619049 0.44857142857142884 -0.8805643985596159 1.0694620663778265
-1.6447619047619049 0.7476190476190476 -0.8805643985596159 0.733946426717102
-1.6447619047619049 1.0466666666666664 -0.8805643985596159 0.2682463190895378
-1.6447619047619049 1.3457142857142856 -0.8805643985596159 -0.28630038984139927
-1.6447619047619049 1.6447619047619049 -0.8805643985596159 -0.8804693654943109
-1.6447619047619049 1.943809523809524 -0.8805643985596159 -1.4615192030706563
-1.6447619047619049 2.2428571428571433 -0.8805643985596159 -1.9778730179677595
-1.6447619047619049 2.5419047619047617 -0.8805643985596159 -2.383696667565108
-1.6447619047619049 2.840952380952381 -0.8805643985596159 -2.642967218560414
-1.6447619047619049 3.14 -0.8805643985596159 -2.7326705223819534
-1.3457142857142856 -3.14 -0.1768502707431478 -2.6231310462761828
-1.3457142857142856 -2.840952380952381 -0.1768502707431478 -2.533427742454643
-1.3457142857142856 -2.541904761904762 -0.1768502707431478 -2.274157191459338
-1.3457142857142856 -2.242857142857143 -0.1768502707431478 -1.8683335418619884
-1.3457142857142856 -1.9438095238095239 -0.1768502707431478 -1.3519797269648854
-1.3457142857142856 -1.6447619047619049 -0.1768502707431478 -0.7709298893885403
-1.3457142857142856 -1.3457142857142856 -0.1768502707431478 -0.17676091373562872
-1.3457142857142856 -1.0466666666666669 -0.1768502707431478 0.3777857951953074
-1.3457142857142856 -0.7476190476190476 -0.1768502707431478 0.8434859028228725
-1.3457142857142856 -0.4485714285714284 -0.1768502707431478 1.1790015424835973
-1.3457142857142856 -0.14952380952380961 -0.1768502707431478 1.3545506708654047
-1.3457142857142856 0.14952380952380961 -0.1768502707431478 1.3545506708654047
-1.3457142857142856 0.44857142857142884 -0.1768502707431478 1.179001542483597
-1.3457142857142856 0.7476190476190476 -0.1768502707431478 0.8434859028228725
-1.3457142857142856 1.0466666666666664 -0.1768502707431478 0.3777857951953083
-1.3457142857142856 1.3457142857142856 -0.1768502707431478 -0.17676091373562872
-1.3457142857142856 1.6447619047619049 -0.1768502707431478 -0.7709298893885403
-1.3457142857142856 1.943809523809524 -0.1768502707431478 -1.3519797269648859
-1.3457142857142856 2.2428571428571433 -0.1768502707431478 -1.868333541861989
-1.3457142857142856 2.5419047619047617 -0.1768502707431478 -2.2741571914593375
-1.3457142857142856 2.840952380952381 -0.1768502707431478 -2.533427742454643
-1.3457142857142856 3.14 -0.1768502707431478 -2.6231310462761828
-1.0466666666666669 -3.14 0.5011492753733087 -2.499690592574881
-1.0466666666666669 -2.840952380952381 0.5011492753733087 -2.4099872887533413
-1.0466666666666669 -2.541904761904762 0.5011492753733087 -2.150716737758036
-1.0466666666666669 -2.242857142857143 0.5011492753733087 -1.7448930881606866
-1.0466666666666669 -1.9438095238095239 0.5011492753733087 -1.2285392732635834
-1.0466666666666669 -1.6447619047619049 0.5011492753733087 -0.6474894356872384
-1.0466666666666669 -1.3457142857142856 0.5011492753733087 -0.05332046003432675
-1.0466666666666669 -1.0466666666666669 0.5011492753733087 0.5012262488966093
-1.0466666666666669 -0.7476190476190476 0.5011492753733087 0.9669263565241744
-1.0466666666666669 -0.4485714285714284 0.5011492753733087 1.3024419961848992
-1.0466666666666669 -0.14952380952380961 0.5011492753733087 1.4779911245667066
-1.0466666666666669 0.14952380952380961 0.5011492753733087 1.4779911245667066
-1.0466666666666669 0.44857142857142884 0.5011492753733087 1.3024419961848988
-1.0466666666666669 0.7476190476190476 0.5011492753733087 0.9669263565241744
-1.0466666666666669 1.0466666666666664 0.5011492753733087 0.5012262488966102
-1.0466666666666669 1.3457142857142856 0.5011492753733087 -0.05332046003432675
-1.0466666666666669 1.6447619047619049 0.5011492753733087 -0.6474894356872384
-1.0466666666666669 1.943809523809524 0.5011492753733087 -1.2285392732635838
-1.0466666666666669 2.2428571428571433 0.5011492753733087 -1.7448930881606872
-1.0466666666666669 2.5419047619047617 0.5011492753733087 -2.1507167377580356
-1.0466666666666669 2.840952380952381 0.5011492753733087 -2.4099872887533413
-1.0466666666666669 3.14 0.5011492753733087 -2.499690592574881
-0.7476190476190476 -3.14 1.1014549630120454 -2.36510289342889
-0.7476190476190476 -2.840952380952381 1.1014549630120454 -2.2753995896073502
-0.7476190476190476 -2.541904761904762 1.1014549630120454 -2.016129038612045
-0.7476190476190476 -2.242857142857143 1.1014549630120454 -1.6103053890146952
-0.7476190476190476 -1.9438095238095239 1.1014549630120454 -1.0939515741175923
-0.7476190476190476 -1.6447619047619049 1.1014549630120454 -0.512901736541247
-0.7476190476190476 -1.3457142857142856 1.1014549630120454 0.0812672391116645
-0.7476190476190476 -1.0466666666666669 1.1014549630120454 0.6358139480426006
-0.7476190476190476 -0.7476190476190476 1.1014549630120454 1.1015140556701657
-0.7476190476190476 -0.4485714285714284 1.1014549630120454 1.4370296953308905
-0.7476190476190476 -0.14952380952380961 1.1014549630120454 1.612578823712698
-0.7476190476190476 0.14952380952380961 1.1014549630120454 1.612578823712698
-0.7476190476190476 0.44857142857142884 1.1014549630120454 1.43702969533089
-0.7476190476190476 0.7476190476190476 1.1014549630120454 1.1015140556701657
-0.7476190476190476 1.0466666666666664 1.1014549630120454 0.6358139480426015
-0.7476190476190476 1.3457142857142856 1.1014549630120454 0.0812672391116645
-0.7476190476190476 1.6447619047619049 1.1014549630120454 -0.512901736541247
-0.7476190476190476 1.943809523809524 1.1014549630120454 -1.0939515741175927
-0.7476190476190476 2.2428571428571433 1.1014549630120454 -1.6103053890146959
-0.7476190476190476 2.5419047619047617 1.1014549630120454 -2.016129038612044
-0.7476190476190476 2.840952380952381 1.1014549630120454 -2.2753995896073502
-0.7476190476190476 3.14 1.1014549630120454 -2.36510289342889
-0.4485714285714284 -3.14 1.5797251015336833 -2.2223703557731596
-0.4485714285714284 -2.840952380952381 1.5797251015336833 -2.1326670519516204
-0.4485714285714284 -2.541904761904762 1.5797251015336833 -1.873396500956315
-0.4485714285714284 -2.242857142857143 1.5797251015336833 -1.4675728513589652
-0.4485714285714284 -1.9438095238095239 1.5797251015336833 -0.951219036461862
-0.4485714285714284 -1.6447619047619049 1.5797251015336833 -0.37016919888551697
-0.4485714285714284 -1.3457142857142856 1.5797251015336833 0.22399977676739458
-0.4485714285714284 -1.0466666666666669 1.5797251015336833 0.7785464856983306
-0.4485714285714284 -0.7476190476190476 1.5797251015336833 1.2442465933258957
-0.4485714285714284 -0.4485714285714284 1.5797251015336833 1.5797622329866206
-0.4485714285714284 -0.14952380952380961 1.5797251015336833 1.755311361368428
-0.4485714285714284 0.14952380952380961 1.5797251015336833 1.755311361368428
-0.4485714285714284 0.44857142857142884 1.5797251015336833 1.57976223298662
-0.4485714285714284 0.7476190476190476 1.5797251015336833 1.2442465933258957
-0.4485714285714284 1.0466666666666664 1.5797251015336833 0.7785464856983315
-0.4485714285714284 1.3457142857142856 1.5797251015336833 0.22399977676739458
-0.4485714285714284 1.6447619047619049 1.5797251015336833 -0.37016919888551697
-0.4485714285714284 1.943809523809524 1.5797251015336833 -0.9512190364618625
-0.4485714285714284 2.2428571428571433 1.5797251015336833 -1.4675728513589659
-0.4485714285714284 2.5419047619047617 1.5797251015336833 -1.8733965009563143
-0.4485714285714284 2.840952380952381 1.5797251015336833 -2.1326670519516204
-0.4485714285714284 3.14 1.5797251015336833 -2.2223703557731596
-0.14952380952380961 -3.14 1.902991974444455 -2.0746770830853483
-0.14952380952380961 -2.840952380952381 1.902991974444455 -1.9849737792638087
-0.14952380952380961 -2.541904761904762 1.902991974444455 -1.7257032282685034
-0.14952380952380961 -2.242857142857143 1.902991974444455 -1.3198795786711537
-0.14952380952380961 -1.9438095238095239 1.902991974444455 -0.8035257637740506
-0.14952380952380961 -1.6447619047619049 1.902991974444455 -0.2224759261977055
-0.14952380952380961 -1.3457142857142856 1.902991974444455 0.37169304945520604
-0.14952380952380961 -1.0466666666666669 1.902991974444455 0.9262397583861421
-0.14952380952380961 -0.7476190476190476 1.902991974444455 1.3919398660137072
-0.14952380952380961 -0.4485714285714284 1.902991974444455 1.727455505674432
-0.14952380952380961 -0.14952380952380961 1.902991974444455 1.9030046340562394
-0.14952380952380961 0.14952380952380961 1.902991974444455 1.9030046340562394
-0.14952380952380961 0.44857142857142884 1.902991974444455 1.7274555056744316
-0.14952380952380961 0.7476190476190476 1.902991974444455 1.3919398660137072
-0.14952380952380961 1.0466666666666664 1.902991974444455 0.926239758386143
-0.14952380952380961 1.3457142857142856 1.902991974444455 0.37169304945520604
-0.14952380952380961 1.6447619047619049 1.902991974444455 -0.2224759261977055
-0.14952380952380961 1.943809523809524 1.902991974444455 -0.803525763774051
-0.14952380952380961 2.2428571428571433 1.902991974444455 -1.3198795786711544
-0.14952380952380961 2.5419047619047617 1.902991974444455 -1.7257032282685028
-0.14952380952380961 2.840952380952381 1.902991974444455 -1.9849737792638087
-0.14952380952380961 3.14 1.902991974444455 -2.0746770830853483
0.14952380952380961 -3.14 2.052376532928562 -1.92531784382481
0.14952380952380961 -2.840952380952381 2.052376532928562 -1.8356145400032706
0.14952380952380961 -2.541904761904762 2.052376532928562 -1.5763439890079654
0.14952380952380961 -2.242857142857143 2.052376532928562 -1.1705203394106156
0.14952380952380961 -1.9438095238095239 2.052376532928562 -0.6541665245135125
0.14952380952380961 -1.6447619047619049 2.052376532928562 -0.07311668693716747
0.14952380952380961 -1.3457142857142856 2.052376532928562 0.521052288715744
0.14952380952380961 -1.0466666666666669 2.052376532928562 1.0755989976466802
0.14952380952380961 -0.7476190476190476 2.052376532928562 1.5412991052742453
0.14952380952380961 -0.4485714285714284 2.052376532928562 1.8768147449349701
0.14952380952380961 -0.14952380952380961 2.052376532928562 2.0523638733167773
0.14952380952380961 0.14952380952380961 2.052376532928562 2.0523638733167773
0.14952380952380961 0.44857142857142884 2.052376532928562 1.8768147449349697
0.14952380952380961 0.7476190476190476 2.052376532928562 1.5412991052742453
0.14952380952380961 1.0466666666666664 2.052376532928562 1.075598997646681
0.14952380952380961 1.3457142857142856 2.052376532928562 0.521052288715744
0.14952380952380961 1.6447619047619049 2.052376532928562 -0.07311668693716747
0.14952380952380961 1.943809523809524 2.052376532928562 -0.654166524513513
0.14952380952380961 2.2428571428571433 2.052376532928562 -1.1705203394106163
0.14952380952380961 2.5419047619047617 2.052376532928562 -1.5763439890079647
0.14952380952380961 2.840952380952381 2.052376532928562 -1.8356145400032706
0.14952380952380961 3.14 2.052376532928562 -1.92531784382481
0.44857142857142884 -3.14 2.0245451490757187 -1.7776245711369982
0.44857142857142884 -2.840952380952381 2.0245451490757187 -1.6879212673154589
0.44857142857142884 -2.541904761904762 2.0245451490757187 -1.4286507163201536
0.44857142857142884 -2.242857142857143 2.0245451490757187 -1.0228270667228039
0.44857142857142884 -1.9438095238095239 2.0245451490757187 -0.5064732518257008
0.44857142857142884 -1.6447619047619049 2.0245451490757187 0.07457658575064423
0.44857142857142884 -1.3457142857142856 2.0245451490757187 0.6687455614035558
0.44857142857142884 -1.0466666666666669 2.0245451490757187 1.223292270334492
0.44857142857142884 -0.7476190476190476 2.0245451490757187 1.688992377962057
0.44857142857142884 -0.4485714285714284 2.0245451490757187 2.024508017622782
0.44857142857142884 -0.14952380952380961 2.0245451490757187 2.200057146004589
0.44857142857142884 0.14952380952380961 2.0245451490757187 2.200057146004589
0.44857142857142884 0.44857142857142884 2.0245451490757187 2.0245080176227814
0.44857142857142884 0.7476190476190476 2.0245451490757187 1.688992377962057
0.44857142857142884 1.0466666666666664 2.0245451490757187 1.2232922703344928
0.44857142857142884 1.3457142857142856 2.0245451490757187 0.6687455614035558
0.44857142857142884 1.6447619047619049 2.0245451490757187 0.07457658575064423
0.44857142857142884 1.943809523809524 2.0245451490757187 -0.5064732518257012
0.44857142857142884 2.2428571428571433 2.0245451490757187 -1.0228270667228045
0.44857142857142884 2.5419047619047617 2.0245451490757187 -1.428650716320153
0.44857142857142884 2.840952380952381 2.0245451490757187 -1.6879212673154589
0.44857142857142884 3.14 2.0245451490757187 -1.7776245711369982
0.7476190476190476 -3.14 1.8317840082759071 -1.6348920334812684
0.7476190476190476 -2.840952380952381 1.8317840082759071 -1.545188729659729
0.7476190476190476 -2.541904761904762 1.8317840082759071 -1.2859181786644238
0.7476190476190476 -2.242857142857143 1.8317840082759071 -0.8800945290670741
0.7476190476190476 -1.9438095238095239 1.8317840082759071 -0.363740714169971
0.7476190476190476 -1.6447619047619049 1.8317840082759071 0.2173091234063741
0.7476190476190476 -1.3457142857142856 1.8317840082759071 0.8114780990592856
0.7476190476190476 -1.0466666666666669 1.8317840082759071 1.3660248079902217
0.7476190476190476 -0.7476190476190476 1.8317840082759071 1.8317249156177868
0.7476190476190476 -0.4485714285714284 1.8317840082759071 2.1672405552785117
0.7476190476190476 -0.14952380952380961 1.8317840082759071 2.342789683660319
0.7476190476190476 0.14952380952380961 1.8317840082759071 2.342789683660319
0.7476190476190476 0.44857142857142884 1.8317840082759071 2.1672405552785112
0.7476190476190476 0.7476190476190476 1.8317840082759071 1.8317249156177868
0.7476190476190476 1.0466666666666664 1.8317840082759071 1.3660248079902226
0.7476190476190476 1.3457142857142856 1.8317840082759071 0.8114780990592856
0.7476190476190476 1.6447619047619049 1.8317840082759071 0.2173091234063741
0.7476190476190476 1.943809523809524 1.8317840082759071 -0.36374071416997145
0.7476190476190476 2.2428571428571433 1.8317840082759071 -0.8800945290670747
0.7476190476190476 2.5419047619047617 1.8317840082759071 -1.2859181786644232
0.7476190476190476 2.840952380952381 1.8317840082759071 -1.545188729659729
0.7476190476190476 3.14 1.8317840082759071 -1.6348920334812684
1.0466666666666664 -3.14 1.5006894806595144 -1.500304334335277
1.0466666666666664 -2.840952380952381 1.5006894806595144 -1.410601030513738
1.0466666666666664 -2.541904761904762 1.5006894806595144 -1.1513304795184327
1.0466666666666664 -2.242857142857143 1.5006894806595144 -0.745506829921083
1.0466666666666664 -1.9438095238095239 1.5006894806595144 -0.22915301502397983
1.0466666666666664 -1.6447619047619049 1.5006894806595144 0.35189682255236526
1.0466666666666664 -1.3457142857142856 1.5006894806595144 0.9460657982052768
1.0466666666666664 -1.0466666666666669 1.5006894806595144 1.5006125071362129
1.0466666666666664 -0.7476190476190476 1.5006894806595144 1.966312614763778
1.0466666666666664 -0.4485714285714284 1.5006894806595144 2.301828254424503
1.0466666666666664 -0.14952380952380961 1.5006894806595144 2.4773773828063104
1.0466666666666664 0.14952380952380961 1.5006894806595144 2.4773773828063104
1.0466666666666664 0.44857142857142884 1.5006894806595144 2.3018282544245023
1.0466666666666664 0.7476190476190476 1.5006894806595144 1.966312614763778
1.0466666666666664 1.0466666666666664 1.5006894806595144 1.5006125071362137
1.0466666666666664 1.3457142857142856 1.5006894806595144 0.9460657982052768
1.0466666666666664 1.6447619047619049 1.5006894806595144 0.35189682255236526
1.0466666666666664 1.943809523809524 1.5006894806595144 -0.22915301502398028
1.0466666666666664 2.2428571428571433 1.5006894806595144 -0.7455068299210836
1.0466666666666664 2.5419047619047617 1.5006894806595144 -1.151330479518432
1.0466666666666664 2.840952380952381 1.5006894806595144 -1.410601030513738
1.0466666666666664 3.14 1.5006894806595144 -1.500304334335277
1.3457142857142856 -3.14 1.0695956089140979 -1.3768638806339752
1.3457142857142856 -2.840952380952381 1.0695956089140979 -1.287160576812436
1.3457142857142856 -2.541904761904762 1.0695956089140979 -1.0278900258171306
1.3457142857142856 -2.242857142857143 1.0695956089140979 -0.6220663762197809
1.3457142857142856 -1.9438095238095239 1.0695956089140979 -0.10571256132267781
1.3457142857142856 -1.6447619047619049 1.0695956089140979 0.47533727625366723
1.3457142857142856 -1.3457142857142856 1.0695956089140979 1.0695062519065788
1.3457142857142856 -1.0466666666666669 1.0695956089140979 1.624052960837515
1.3457142857142856 -0.7476190476190476 1.0695956089140979 2.08975306846508
1.3457142857142856 -0.4485714285714284 1.0695956089140979 2.425268708125805
1.3457142857142856 -0.14952380952380961 1.0695956089140979 2.6008178365076122
1.3457142857142856 0.14952380952380961 1.0695956089140979 2.6008178365076122
1.3457142857142856 0.44857142857142884 1.0695956089140979 2.425268708125804
1.3457142857142856 0.7476190476190476 1.0695956089140979 2.08975306846508
1.3457142857142856 1.0466666666666664 1.0695956089140979 1.6240529608375158
1.3457142857142856 1.3457142857142856 1.0695956089140979 1.0695062519065788
1.3457142857142856 1.6447619047619049 1.0695956089140979 0.47533727625366723
1.3457142857142856 1.943809523809524 1.0695956089140979 -0.10571256132267826
1.3457142857142856 2.2428571428571433 1.0695956089140979 -0.6220663762197816
1.3457142857142856 2.5419047619047617 1.0695956089140979 -1.02789002581713
1.3457142857142856 2.840952380952381 1.0695956089140979 -1.287160576812436
1.3457142857142856 3.14 1.0695956089140979 -1.3768638806339752
1.6447619047619049 -3.14 0.5849717854247429 -1.2673244045282046
1.6447619047619049 -2.840952380952381 0.5849717854247429 -1.1776211007066655
1.6447619047619049 -2.541904761904762 0.5849717854247429 -0.9183505497113601
1.6447619047619049 -2.242857142857143 0.5849717854247429 -0.5125269001140104
1.6447619047619049 -1.9438095238095239 0.5849717854247429 0.0038269147830927164
1.6447619047619049 -1.6447619047619049 0.5849717854247429 0.5848767523594377
1.6447619047619049 -1.3457142857142856 0.5849717854247429 1.1790457280123494
1.6447619047619049 -1.0466666666666669 0.5849717854247429 1.7335924369432856
1.6447619047619049 -0.7476190476190476 0.5849717854247429 2.1992925445708504
1.6447619047619049 -0.4485714285714284 0.5849717854247429 2.5348081842315757
1.6447619047619049 -0.14952380952380961 0.5849717854247429 2.710357312613383
1.6447619047619049 0.14952380952380961 0.5849717854247429 2.710357312613383
1.6447619047619049 0.44857142857142884 0.5849717854247429 2.534808184231575
1.6447619047619049 0.7476190476190476 0.5849717854247429 2.1992925445708504
1.6447619047619049 1.0466666666666664 0.5849717854247429 1.7335924369432865
1.6447619047619049 1.3457142857142856 0.5849717854247429 1.1790457280123494
1.6447619047619049 1.6447619047619049 0.5849717854247429 0.5848767523594377
1.6447619047619049 1.943809523809524 0.5849717854247429 0.0038269147830922723
1.6447619047619049 2.2428571428571433 0.5849717854247429 -0.512526900114011
1.6447619047619049 2.5419047619047617 0.5849717854247429 -0.9183505497113594
1.6447619047619049 2.840952380952381 0.5849717854247429 -1.1776211007066655
1.6447619047619049 3.14 0.5849717854247429 -1.2673244045282046
1.943809523809524 -3.14 0.09711483316443537 -1.174129532625729
1.943809523809524 -2.840952380952381 0.09711483316443537 -1.0844262288041897
1.943809523809524 -2.541904761904762 0.09711483316443537 -0.8251556778088844
1.943809523809524 -2.242857142857143 0.09711483316443537 -0.4193320282115347
1.943809523809524 -1.9438095238095239 0.09711483316443537 0.09702178668556838
1.943809523809524 -1.6447619047619049 0.09711483316443537 0.6780716242619134
1.943809523809524 -1.3457142857142856 0.09711483316443537 1.2722405999148252
1.943809523809524 -1.0466666666666669 0.09711483316443537 1.8267873088457611
1.943809523809524 -0.7476190476190476 0.09711483316443537 2.2924874164733264
1.943809523809524 -0.4485714285714284 0.09711483316443537 2.628003056134051
1.943809523809524 -0.14952380952380961 0.09711483316443537 2.8035521845158584
1.943809523809524 0.14952380952380961 0.09711483316443537 2.8035521845158584
1.943809523809524 0.44857142857142884 0.09711483316443537 2.628003056134051
1.943809523809524 0.7476190476190476 0.09711483316443537 2.2924874164733264
1.943809523809524 1.0466666666666664 0.09711483316443537 1.826787308845762
1.943809523809524 1.3457142857142856 0.09711483316443537 1.2722405999148252
1.943809523809524 1.6447619047619049 0.09711483316443537 0.6780716242619134
1.943809523809524 1.943809523809524 0.09711483316443537 0.09702178668556793
1.943809523809524 2.2428571428571433 0.09711483316443537 -0.41933202821153537
1.943809523809524 2.5419047619047617 0.09711483316443537 -0.8251556778088838
1.943809523809524 2.840952380952381 0.09711483316443537 -1.0844262288041897
1.943809523809524 3.14 0.09711483316443537 -1.174129532625729
2.2428571428571433 -3.14 -0.34447803205108385 -1.0993582731232654
2.2428571428571433 -2.840952380952381 -0.34447803205108385 -1.0096549693017263
2.2428571428571433 -2.541904761904762 -0.34447803205108385 -0.7503844183064209
2.2428571428571433 -2.242857142857143 -0.34447803205108385 -0.34456076870907115
2.2428571428571433 -1.9438095238095239 -0.34447803205108385 0.17179304618803198
2.2428571428571433 -1.6447619047619049 -0.34447803205108385 0.7528428837643769
2.2428571428571433 -1.3457142857142856 -0.34447803205108385 1.3470118594172886
2.2428571428571433 -1.0466666666666669 -0.34447803205108385 1.9015585683482248
2.2428571428571433 -0.7476190476190476 -0.34447803205108385 2.3672586759757897
2.2428571428571433 -0.4485714285714284 -0.34447803205108385 2.702774315636515
2.2428571428571433 -0.14952380952380961 -0.34447803205108385 2.878323444018322
2.2428571428571433 0.14952380952380961 -0.34447803205108385 2.878323444018322
2.2428571428571433 0.44857142857142884 -0.34447803205108385 2.702774315636514
2.2428571428571433 0.7476190476190476 -0.34447803205108385 2.3672586759757897
2.2428571428571433 1.0466666666666664 -0.34447803205108385 1.9015585683482257
2.2428571428571433 1.3457142857142856 -0.34447803205108385 1.3470118594172886
2.2428571428571433 1.6447619047619049 -0.34447803205108385 0.7528428837643769
2.2428571428571433 1.943809523809524 -0.34447803205108385 0.17179304618803154
2.2428571428571433 2.2428571428571433 -0.34447803205108385 -0.3445607687090718
2.2428571428571433 2.5419047619047617 -0.34447803205108385 -0.7503844183064202
2.2428571428571433 2.840952380952381 -0.34447803205108385 -1.0096549693017263
2.2428571428571433 3.14 -0.34447803205108385 -1.0993582731232654
2.5419047619047617 -3.14 -0.6956410139885518 -1.0446786369125198
2.5419047619047617 -2.840952380952381 -0.6956410139885518 -0.9549753330909806
2.5419047619047617 -2.541904761904762 -0.6956410139885518 -0.6957047820956753
2.5419047619047617 -2.242857142857143 -0.6956410139885518 -0.2898811324983256
2.5419047619047617 -1.9438095238095239 -0.6956410139885518 0.22647268239877755
2.5419047619047617 -1.6447619047619049 -0.6956410139885518 0.8075225199751225
2.5419047619047617 -1.3457142857142856 -0.6956410139885518 1.4016914956280342
2.5419047619047617 -1.0466666666666669 -0.6956410139885518 1.9562382045589704
2.5419047619047617 -0.7476190476190476 -0.6956410139885518 2.421938312186535
2.5419047619047617 -0.4485714285714284 -0.6956410139885518 2.7574539518472605
2.5419047619047617 -0.14952380952380961 -0.6956410139885518 2.9330030802290676
2.5419047619047617 0.14952380952380961 -0.6956410139885518 2.9330030802290676
2.5419047619047617 0.44857142857142884 -0.6956410139885518 2.7574539518472596
2.5419047619047617 0.7476190476190476 -0.6956410139885518 2.421938312186535
2.5419047619047617 1.0466666666666664 -0.6956410139885518 1.9562382045589712
2.5419047619047617 1.3457142857142856 -0.6956410139885518 1.4016914956280342
2.5419047619047617 1.6447619047619049 -0.6956410139885518 0.8075225199751225
2.5419047619047617 1.943809523809524 -0.6956410139885518 0.2264726823987771
2.5419047619047617 2.2428571428571433 -0.6956410139885518 -0.28988113249832625
2.5419047619047617 2.5419047619047617 -0.6956410139885518 -0.6957047820956747
2.5419047619047617 2.840952380952381 -0.6956410139885518 -0.9549753330909806
2.5419047619047617 3.14 -0.6956410139885518 -1.0446786369125198
2.840952380952381 -3.14 -0.9215709729385048 -1.0113104272890492
2.840952380952381 -2.840952380952381 -0.9215709729385048 -0.9216071234675098
2.840952380952381 -2.541904761904762 -0.9215709729385048 -0.6623365724722046
2.840952380952381 -2.242857142857143 -0.9215709729385048 -0.25651292287485483
2.840952380952381 -1.9438095238095239 -0.9215709729385048 0.2598408920222482
2.840952380952381 -1.6447619047619049 -0.9215709729385048 0.8408907295985932
2.840952380952381 -1.3457142857142856 -0.9215709729385048 1.435059705251505
2.840952380952381 -1.0466666666666669 -0.9215709729385048 1.989606414182441
2.840952380952381 -0.7476190476190476 -0.9215709729385048 2.455306521810006
2.840952380952381 -0.4485714285714284 -0.9215709729385048 2.790822161470731
2.840952380952381 -0.14952380952380961 -0.9215709729385048 2.966371289852538
2.840952380952381 0.14952380952380961 -0.9215709729385048 2.966371289852538
2.840952380952381 0.44857142857142884 -0.9215709729385048 2.7908221614707305
2.840952380952381 0.7476190476190476 -0.9215709729385048 2.455306521810006
2.840952380952381 1.0466666666666664 -0.9215709729385048 1.9896064141824419
2.840952380952381 1.3457142857142856 -0.9215709729385048 1.435059705251505
2.840952380952381 1.6447619047619049 -0.9215709729385048 0.8408907295985932
2.840952380952381 1.943809523809524 -0.9215709729385048 0.25984089202224775
2.840952380952381 2.2428571428571433 -0.9215709729385048 -0.2565129228748555
2.840952380952381 2.5419047619047617 -0.9215709729385048 -0.6623365724722039
2.840952380952381 2.840952380952381 -0.9215709729385048 -0.9216071234675098
2.840952380952381 3.14 -0.9215709729385048 -1.0113104272890492
3.14 -3.14 -0.9999977805232444 -0.9999980283579099
3.14 -2.840952380952381 -0.9999977805232444 -0.9102947245363705
3.14 -2.541904761904762 -0.9999977805232444 -0.6510241735410652
3.14 -2.242857142857143 -0.9999977805232444 -0.2452005239437155
3.14 -1.9438095238095239 -0.9999977805232444 0.27115329095338764
3.14 -1.6447619047619049 -0.9999977805232444 0.8522031285297326
3.14 -1.3457142857142856 -0.9999977805232444 1.4463721041826443
3.14 -1.0466666666666669 -0.9999977805232444 2.0009188131135804
3.14 -0.7476190476190476 -0.9999977805232444 2.4666189207411455
3.14 -0.4485714285714284 -0.9999977805232444 2.8021345604018704
3.14 -0.14952380952380961 -0.9999977805232444 2.9776836887836775
3.14 0.14952380952380961 -0.9999977805232444 2.9776836887836775
3.14 0.44857142857142884 -0.9999977805232444 2.80213456040187
3.14 0.7476190476190476 -0.9999977805232444 2.4666189207411455
3.14 1.0466666666666664 -0.9999977805232444 2.0009188131135813
3.14 1.3457142857142856 -0.9999977805232444 1.4463721041826443
3.14 1.6447619047619049 -0.9999977805232444 0.8522031285297326
3.14 1.943809523809524 -0.9999977805232444 0.2711532909533872
3.14 2.2428571428571433 -0.9999977805232444 -0.24520052394371616
3.14 2.5419047619047617 -0.9999977805232444 -0.6510241735410646
3.14 2.840952380952381 -0.9999977805232444 -0.9102947245363705
3.14 3.14 -0.9999977805232444 -0.9999980283579099
