X1 X2 cel podstawowe
-1000.0 -1000.0 4007001.0 4007000.999998451
-1000.0 -904.7619047619048 3720620.047619048 3720620.0476176236
-1000.0 -809.5238095238095 3434239.095238095 3434239.095236796
-1000.0 -714.2857142857142 3147858.1428571427 3147858.142855968
-1000.0 -619.047619047619 2861477.1904761908 2861477.1904751398
-1000.0 -523.8095238095239 2575096.2380952383 2575096.238094313
-1000.0 -428.57142857142856 2288715.2857142854 2288715.2857134845
-1000.0 -333.33333333333326 2002334.333333333 2002334.3333326569
-1000.0 -238.09523809523807 1715953.3809523808 1715953.3809518295
-1000.0 -142.8571428571429 1429572.4285714286 1429572.4285710016
-1000.0 -47.61904761904759 1143191.476190476 1143191.4761901742
-1000.0 47.619047619047706 856810.5238095234 856810.5238093461
-1000.0 142.8571428571429 570429.5714285714 570429.5714285185
-1000.0 238.09523809523807 284048.6190476191 284048.61904769094
-1000.0 333.3333333333335 -2332.3333333338 -2332.3333331372705
-1000.0 428.57142857142867 -288713.2857142859 -288713.2857139648
-1000.0 523.8095238095239 -575094.2380952382 -575094.2380947924
-1000.0 619.047619047619 -861475.1904761904 -861475.1904756199
-1000.0 714.2857142857142 -1147856.1428571427 -1147856.1428564475
-1000.0 809.5238095238096 -1434237.0952380958 -1434237.0952372756
-1000.0 904.7619047619048 -1720618.0476190478 -1720618.0476181032
-1000.0 1000.0 -2006999.0 -2006998.9999989308
-904.7619047619048 -1000.0 3539880.8185941046 3539880.8185925162
-904.7619047619048 -904.7619047619048 3280710.750566894 3280710.7505654306
-904.7619047619048 -809.5238095238095 3021540.682539683 3021540.6825383436
-904.7619047619048 -714.2857142857142 2762370.614512472 2762370.614511257
-904.7619047619048 -619.047619047619 2503200.546485261 2503200.5464841714
-904.7619047619048 -523.8095238095239 2244030.47845805 2244030.4784570853
-904.7619047619048 -428.57142857142856 1984860.4104308393 1984860.4104299988
-904.7619047619048 -333.33333333333326 1725690.3424036282 1725690.3424029127
-904.7619047619048 -238.09523809523807 1466520.2743764175 1466520.2743758266
-904.7619047619048 -142.8571428571429 1207350.2063492066 1207350.2063487405
-904.7619047619048 -47.61904761904759 948180.1383219956 948180.138321654
-904.7619047619048 47.619047619047706 689010.0702947845 689010.0702945677
-904.7619047619048 142.8571428571429 429840.0022675737 429840.0022674815
-904.7619047619048 238.09523809523807 170669.93424036293 170669.93424039552
-904.7619047619048 333.3333333333335 -88500.13378684847 -88500.13378669118
-904.7619047619048 428.57142857142867 -347670.2018140593 -347670.20181377727
-904.7619047619048 523.8095238095239 -606840.26984127 -606840.2698408633
-904.7619047619048 619.047619047619 -866010.3378684807 -866010.3378679495
-904.7619047619048 714.2857142857142 -1125180.4058956914 -1125180.4058950355
-904.7619047619048 809.5238095238096 -1384350.473922903 -1384350.4739221223
-904.7619047619048 904.7619047619048 -1643520.5419501138 -1643520.5419492084
-904.7619047619048 1000.0 -1902690.6099773245 -1902690.6099762945
-809.5238095238095 -1000.0 3090901.22675737 3090901.2267557424
-809.5238095238095 -904.7619047619048 2858942.0430839 2858942.043082398
-809.5238095238095 -809.5238095238095 2626982.859410431 2626982.859409053
-809.5238095238095 -714.2857142857142 2395023.675736961 2395023.675735708
-809.5238095238095 -619.047619047619 2163064.492063492 2163064.4920623633
-809.5238095238095 -523.8095238095239 1931105.3083900227 1931105.3083890188
-809.5238095238095 -428.57142857142856 1699146.1247165534 1699146.1247156737
-809.5238095238095 -333.33333333333326 1467186.9410430838 1467186.941042329
-809.5238095238095 -238.09523809523807 1235227.7573696144 1235227.7573689846
-809.5238095238095 -142.8571428571429 1003268.5736961452 1003268.57369564
-809.5238095238095 -47.61904761904759 771309.3900226757 771309.3900222951
-809.5238095238095 47.619047619047706 539350.2063492062 539350.2063489502
-809.5238095238095 142.8571428571429 307391.0226757369 307391.0226756056
-809.5238095238095 238.09523809523807 75431.83900226765 75431.839002261
-809.5238095238095 333.3333333333335 -156527.3446712021 -156527.34467108414
-809.5238095238095 428.57142857142867 -388486.52834467136 -388486.52834442875
-809.5238095238095 523.8095238095239 -620445.7120181405 -620445.7120177733
-809.5238095238095 619.047619047619 -852404.8956916098 -852404.895691118
-809.5238095238095 714.2857142857142 -1084364.079365079 -1084364.0793644625
-809.5238095238095 809.5238095238096 -1316323.2630385489 -1316323.2630378075
-809.5238095238095 904.7619047619048 -1548282.446712018 -1548282.446711152
-809.5238095238095 1000.0 -1780241.6303854876 -1780241.6303844964
-714.2857142857142 -1000.0 2660062.2244897955 2660062.224488129
-714.2857142857142 -904.7619047619048 2455313.925170068 2455313.925168526
-714.2857142857142 -809.5238095238095 2250565.6258503394 2250565.625848923
-714.2857142857142 -714.2857142857142 2045817.3265306118 2045817.3265293194
-714.2857142857142 -619.047619047619 1841069.027210884 1841069.0272097164
-714.2857142857142 -523.8095238095239 1636320.7278911564 1636320.7278901131
-714.2857142857142 -428.57142857142856 1431572.4285714284 1431572.42857051
-714.2857142857142 -333.33333333333326 1226824.1292517004 1226824.1292509064
-714.2857142857142 -238.09523809523807 1022075.8299319725 1022075.8299313035
-714.2857142857142 -142.8571428571429 817327.5306122449 817327.5306117004
-714.2857142857142 -47.61904761904759 612579.2312925169 612579.231292097
-714.2857142857142 47.619047619047706 407830.9319727888 407830.9319724937
-714.2857142857142 142.8571428571429 203082.63265306107 203082.63265289064
-714.2857142857142 238.09523809523807 -1665.6666666666665 -1665.6666667124373
-714.2857142857142 333.3333333333335 -206413.96598639493 -206413.965986316
-714.2857142857142 428.57142857142867 -411162.26530612266 -411162.2653059191
-714.2857142857142 523.8095238095239 -615910.5646258503 -615910.5646255221
-714.2857142857142 619.047619047619 -820658.8639455781 -820658.8639451251
-714.2857142857142 714.2857142857142 -1025407.1632653058 -1025407.1632647284
-714.2857142857142 809.5238095238096 -1230155.4625850343 -1230155.462584332
-714.2857142857142 904.7619047619048 -1434903.761904762 -1434903.761903935
-714.2857142857142 1000.0 -1639652.0612244897 -1639652.0612235381
-619.047619047619 -1000.0 2247363.811791383 2247363.8117896775
-619.047619047619 -904.7619047619048 2069826.3968253967 2069826.3968238158
-619.047619047619 -809.5238095238095 1892288.9818594104 1892288.981857954
-619.047619047619 -714.2857142857142 1714751.566893424 1714751.566892092
-619.047619047619 -619.047619047619 1537214.1519274374 1537214.1519262306
-619.047619047619 -523.8095238095239 1359676.7369614514 1359676.7369603692
-619.047619047619 -428.57142857142856 1182139.3219954646 1182139.3219945072
-619.047619047619 -333.33333333333326 1004601.9070294783 1004601.9070286454
-619.047619047619 -238.09523809523807 827064.492063492 827064.4920627837
-619.047619047619 -142.8571428571429 649527.0770975057 649527.0770969221
-619.047619047619 -47.61904761904759 471989.6621315192 471989.6621310604
-619.047619047619 47.619047619047706 294452.2471655327 294452.24716519855
-619.047619047619 142.8571428571429 116914.83219954639 116914.8321993369
-619.047619047619 238.09523809523807 -60622.58276643992 -60622.58276652472
-619.047619047619 333.3333333333335 -238159.9977324266 -238159.99773238675
-619.047619047619 428.57142857142867 -415697.4126984129 -415697.4126982483
-619.047619047619 523.8095238095239 -593234.8276643992 -593234.8276641099
-619.047619047619 619.047619047619 -770772.2426303856 -770772.2426299716
-619.047619047619 714.2857142857142 -948309.6575963717 -948309.6575958332
-619.047619047619 809.5238095238096 -1125847.0725623586 -1125847.0725616952
-619.047619047619 904.7619047619048 -1303384.4875283448 -1303384.4875275567
-619.047619047619 1000.0 -1480921.902494331 -1480921.9024934184
-523.8095238095239 -1000.0 1852805.9886621316 1852805.988660387
-523.8095238095239 -904.7619047619048 1702479.4580498866 1702479.458048267
-523.8095238095239 -809.5238095238095 1552152.927437642 1552152.9274361467
-523.8095238095239 -714.2857142857142 1401826.396825397 1401826.3968240262
-523.8095238095239 -619.047619047619 1251499.866213152 1251499.866211906
-523.8095238095239 -523.8095238095239 1101173.3356009072 1101173.335599786
-523.8095238095239 -428.57142857142856 950846.8049886622 950846.8049876656
-523.8095238095239 -333.33333333333326 800520.2743764172 800520.2743755453
-523.8095238095239 -238.09523809523807 650193.7437641723 650193.7437634252
-523.8095238095239 -142.8571428571429 499867.2131519276 499867.213151305
-523.8095238095239 -47.61904761904759 349540.68253968254 349540.6825391847
-523.8095238095239 47.619047619047706 199214.15192743752 199214.15192706438
-523.8095238095239 142.8571428571429 48887.62131519269 48887.62131494422
-523.8095238095239 238.09523809523807 -101438.90929705212 -101438.90929717594
-523.8095238095239 333.3333333333335 -251765.4399092973 -251765.43990929643
-523.8095238095239 428.57142857142867 -402091.9705215421 -402091.9705214166
-523.8095238095239 523.8095238095239 -552418.5011337869 -552418.5011335367
-523.8095238095239 619.047619047619 -702745.0317460318 -702745.0317456569
-523.8095238095239 714.2857142857142 -853071.5623582766 -853071.562357777
-523.8095238095239 809.5238095238096 -1003398.0929705217 -1003398.0929698976
-523.8095238095239 904.7619047619048 -1153724.6235827666 -1153724.6235820176
-523.8095238095239 1000.0 -1304051.1541950116 -1304051.1541941378
-428.57142857142856 -1000.0 1476388.7551020407 1476388.7551002572
-428.57142857142856 -904.7619047619048 1353273.1088435373 1353273.1088418788
-428.57142857142856 -809.5238095238095 1230157.462585034 1230157.4625835
-428.57142857142856 -714.2857142857142 1107041.8163265307 1107041.8163251209
-428.57142857142856 -619.047619047619 983926.1700680273 983926.1700667425
-428.57142857142856 -523.8095238095239 860810.5238095239 860810.5238083636
-428.57142857142856 -428.57142857142856 737694.8775510204 737694.877549985
-428.57142857142856 -333.33333333333326 614579.231292517 614579.231291606
-428.57142857142856 -238.09523809523807 491463.5850340136 491463.5850332274
-428.57142857142856 -142.8571428571429 368347.93877551024 368347.93877484876
-428.57142857142856 -47.61904761904759 245232.29251700678 245232.29251646996
-428.57142857142856 47.619047619047706 122116.64625850327 122116.64625809118
-428.57142857142856 142.8571428571429 -999.0000000000584 -999.0000002874876
-428.57142857142856 238.09523809523807 -124114.64625850342 -124114.64625866614
-428.57142857142856 333.3333333333335 -247230.29251700707 -247230.2925170451
-428.57142857142856 428.57142857142867 -370345.93877551035 -370345.9387754237
-428.57142857142856 523.8095238095239 -493461.5850340137 -493461.58503380243
-428.57142857142856 619.047619047619 -616577.231292517 -616577.2312921811
-428.57142857142856 714.2857142857142 -739692.8775510204 -739692.8775505597
-428.57142857142856 809.5238095238096 -862808.5238095239 -862808.5238089387
-428.57142857142856 904.7619047619048 -985924.1700680273 -985924.1700673173
-428.57142857142856 1000.0 -1109039.8163265307 -1109039.816325696
-333.33333333333326 -1000.0 1118112.1111111108 1118112.1111092884
-333.33333333333326 -904.7619047619048 1022207.349206349 1022207.3492046513
-333.33333333333326 -809.5238095238095 926302.5873015871 926302.587300014
-333.33333333333326 -714.2857142857142 830397.8253968251 830397.8253953768
-333.33333333333326 -619.047619047619 734493.0634920633 734493.0634907396
-333.33333333333326 -523.8095238095239 638588.3015873014 638588.3015861025
-333.33333333333326 -428.57142857142856 542683.5396825395 542683.5396814651
-333.33333333333326 -333.33333333333326 446778.7777777776 446778.7777768279
-333.33333333333326 -238.09523809523807 350874.0158730158 350874.01587219076
-333.33333333333326 -142.8571428571429 254969.25396825394 254969.2539675536
-333.33333333333326 -47.61904761904759 159064.49206349198 159064.49206291634
-333.33333333333326 47.619047619047706 63159.73015873003 63159.73015827906
-333.33333333333326 142.8571428571429 -32745.031746031804 -32745.031746358087
-333.33333333333326 238.09523809523807 -128649.79365079362 -128649.79365099524
-333.33333333333326 333.3333333333335 -224554.5555555557 -224554.55555563263
-333.33333333333326 428.57142857142867 -320459.3174603175 -320459.3174602698
-333.33333333333326 523.8095238095239 -416364.07936507935 -416364.07936490694
-333.33333333333326 619.047619047619 -512268.8412698412 -512268.8412695441
-333.33333333333326 714.2857142857142 -608173.6031746031 -608173.6031741812
-333.33333333333326 809.5238095238096 -704078.3650793651 -704078.3650788186
-333.33333333333326 904.7619047619048 -799983.126984127 -799983.1269834558
-333.33333333333326 1000.0 -895887.8888888888 -895887.888888093
-238.09523809523807 -1000.0 777976.0566893423 777976.0566874811
-238.09523809523807 -904.7619047619048 709282.179138322 709282.1791365854
-238.09523809523807 -809.5238095238095 640588.3015873014 640588.3015856897
-238.09523809523807 -714.2857142857142 571894.4240362811 571894.4240347939
-238.09523809523807 -619.047619047619 503200.5464852607 503200.5464838982
-238.09523809523807 -523.8095238095239 434506.66893424036 434506.6689330025
-238.09523809523807 -428.57142857142856 365812.7913832199 365812.7913821068
-238.09523809523807 -333.33333333333326 297118.91383219947 297118.913831211
-238.09523809523807 -238.09523809523807 228425.03628117908 228425.0362803153
-238.09523809523807 -142.8571428571429 159731.15873015873 159731.15872941964
-238.09523809523807 -47.61904761904759 91037.28117913828 91037.28117852384
-238.09523809523807 47.619047619047706 22343.40362811784 22343.40362762809
-238.09523809523807 142.8571428571429 -46350.473922902514 -46350.47392326759
-238.09523809523807 238.09523809523807 -115044.35147392288 -115044.35147416327
-238.09523809523807 333.3333333333335 -183738.22902494343 -183738.22902505915
-238.09523809523807 428.57142857142867 -252432.1065759638 -252432.10657595482
-238.09523809523807 523.8095238095239 -321125.98412698414 -321125.9841268505
-238.09523809523807 619.047619047619 -389819.8616780045 -389819.8616777462
-238.09523809523807 714.2857142857142 -458513.73922902485 -458513.73922864185
-238.09523809523807 809.5238095238096 -527207.6167800454 -527207.6167795378
-238.09523809523807 904.7619047619048 -595901.4943310657 -595901.4943304334
-238.09523809523807 1000.0 -664595.3718820862 -664595.3718813291
-142.8571428571429 -1000.0 455980.59183673485 455980.5918348349
-142.8571428571429 -904.7619047619048 414497.5986394559 414497.59863768064
-142.8571428571429 -809.5238095238095 373014.605442177 373014.6054405264
-142.8571428571429 -714.2857142857142 331531.61224489805 331531.61224337213
-142.8571428571429 -619.047619047619 290048.6190476191 290048.6190462179
-142.8571428571429 -523.8095238095239 248565.6258503402 248565.62584906368
-142.8571428571429 -428.57142857142856 207082.63265306127 207082.6326519094
-142.8571428571429 -333.33333333333326 165599.63945578234 165599.63945475512
-142.8571428571429 -238.09523809523807 124116.64625850342 124116.6462576009
-142.8571428571429 -142.8571428571429 82633.65306122453 82633.6530604467
-142.8571428571429 -47.61904761904759 41150.659863945584 41150.65986329243
-142.8571428571429 47.619047619047706 -332.3333333333667 -332.3333338618404
-142.8571428571429 142.8571428571429 -41815.32653061226 -41815.326531016064
-142.8571428571429 238.09523809523807 -83298.31972789117 -83298.31972817027
-142.8571428571429 333.3333333333335 -124781.31292517016 -124781.3129253246
-142.8571428571429 428.57142857142867 -166264.30612244905 -166264.30612247883
-142.8571428571429 523.8095238095239 -207747.29931972796 -207747.29931963302
-142.8571428571429 619.047619047619 -249230.29251700686 -249230.29251678725
-142.8571428571429 714.2857142857142 -290713.28571428574 -290713.28571394144
-142.8571428571429 809.5238095238096 -332196.27891156473 -332196.2789110958
-142.8571428571429 904.7619047619048 -373679.2721088436 -373679.27210825
-142.8571428571429 1000.0 -415162.26530612254 -415162.2653054042
-47.61904761904759 -1000.0 152125.7165532879 152125.71655134932
-47.61904761904759 -904.7619047619048 137853.6077097505 137853.6077079366
-47.61904761904759 -809.5238095238095 123581.49886621308 123581.49886452383
-47.61904761904759 -714.2857142857142 109309.39002267567 109309.39002111112
-47.61904761904759 -619.047619047619 95037.28117913826 95037.2811776984
-47.61904761904759 -523.8095238095239 80765.17233560087 80765.17233428569
-47.61904761904759 -428.57142857142856 66493.06349206345 66493.06349087294
-47.61904761904759 -333.33333333333326 52220.95464852604 52220.954647460196
-47.61904761904759 -238.09523809523807 37948.84580498863 37948.84580404748
-47.61904761904759 -142.8571428571429 23676.73696145124 23676.736960634757
-47.61904761904759 -47.61904761904759 9404.628117913822 9404.628117222019
-47.61904761904759 47.619047619047706 -4867.4807256235945 -4867.480726190718
-47.61904761904759 142.8571428571429 -19139.589569160995 -19139.58956960344
-47.61904761904759 238.09523809523807 -33411.698412698395 -33411.69841301616
-47.61904761904759 333.3333333333335 -47683.80725623582 -47683.80725642892
-47.61904761904759 428.57142857142867 -61955.916099773225 -61955.916099841634
-47.61904761904759 523.8095238095239 -76228.02494331064 -76228.02494325436
-47.61904761904759 619.047619047619 -90500.13378684802 -90500.13378666707
-47.61904761904759 714.2857142857142 -104772.24263038543 -104772.2426300798
-47.61904761904759 809.5238095238096 -119044.35147392287 -119044.35147349254
-47.61904761904759 904.7619047619048 -133316.46031746027 -133316.4603169053
-47.61904761904759 1000.0 -147588.56916099766 -147588.569160318
47.619047619047706 -1000.0 -133588.56916099798 -133588.56916297515
47.619047619047706 -904.7619047619048 -120649.79365079389 -120649.79365264636
47.619047619047706 -809.5238095238095 -107711.01814058976 -107711.01814231757
47.619047619047706 -714.2857142857142 -94772.24263038566 -94772.24263198879
47.619047619047706 -619.047619047619 -81833.46712018157 -81833.46712166001
47.619047619047706 -523.8095238095239 -68894.69160997745 -68894.69161133123
47.619047619047706 -428.57142857142856 -55955.91609977334 -55955.91610100245
47.619047619047706 -333.33333333333326 -43017.14058956923 -43017.14059067365
47.619047619047706 -238.09523809523807 -30078.36507936513 -30078.36508034487
47.619047619047706 -142.8571428571429 -17139.58956916103 -17139.58957001609
47.619047619047706 -47.61904761904759 -4200.814058956917 -4200.8140596873
47.619047619047706 47.619047619047706 8737.961451247198 8737.961450641493
47.619047619047706 142.8571428571429 21676.736961451297 21676.736960970273
47.619047619047706 238.09523809523807 34615.5124716554 34615.51247129905
47.619047619047706 333.3333333333335 47554.287981859525 47554.28798162786
47.619047619047706 428.57142857142867 60493.06349206362 60493.06349195664
47.619047619047706 523.8095238095239 73431.83900226772 73431.83900228541
47.619047619047706 619.047619047619 86370.61451247183 86370.6145126142
47.619047619047706 714.2857142857142 99309.39002267593 99309.39002294297
47.619047619047706 809.5238095238096 112248.16553288004 112248.16553327178
47.619047619047706 904.7619047619048 125186.94104308415 125186.94104360056
47.619047619047706 1000.0 138125.71655328828 138125.71655392932
142.8571428571429 -1000.0 -401162.26530612254 -401162.2653081382
142.8571428571429 -904.7619047619048 -361012.605442177 -361012.605444068
142.8571428571429 -809.5238095238095 -320862.9455782313 -320862.9455799977
142.8571428571429 -714.2857142857142 -280713.28571428574 -280713.28571592737
142.8571428571429 -619.047619047619 -240563.62585034018 -240563.62585185716
142.8571428571429 -523.8095238095239 -200413.96598639464 -200413.9659877869
142.8571428571429 -428.57142857142856 -160264.30612244902 -160264.3061237166
142.8571428571429 -333.33333333333326 -120114.64625850342 -120114.64625964634
142.8571428571429 -238.09523809523807 -79964.98639455783 -79964.98639557608
142.8571428571429 -142.8571428571429 -39815.32653061226 -39815.32653150584
142.8571428571429 -47.61904761904759 334.3333333333477 334.3333325644535
142.8571428571429 47.619047619047706 40483.993197278956 40483.99319663474
142.8571428571429 142.8571428571429 80633.65306122453 80633.653060705
142.8571428571429 238.09523809523807 120783.31292517007 120783.31292477524
142.8571428571429 333.3333333333335 160932.97278911574 160932.97278884557
142.8571428571429 428.57142857142867 201082.6326530613 201082.63265291584
142.8571428571429 523.8095238095239 241232.2925170069 241232.29251698608
142.8571428571429 619.047619047619 281381.9523809525 281381.95238105627
142.8571428571429 714.2857142857142 321531.61224489805 321531.61224512657
142.8571428571429 809.5238095238096 361681.27210884367 361681.27210919687
142.8571428571429 904.7619047619048 401830.9319727893 401830.9319732671
142.8571428571429 1000.0 441980.59183673485 441980.5918373374
238.09523809523807 -1000.0 -650595.3718820862 -650595.3718841402
238.09523809523807 -904.7619047619048 -583234.8276643989 -583234.8276663285
238.09523809523807 -809.5238095238095 -515874.28344671195 -515874.28344851674
238.09523809523807 -714.2857142857142 -448513.73922902485 -448513.73923070496
238.09523809523807 -619.047619047619 -381153.19501133787 -381153.19501289324
238.09523809523807 -523.8095238095239 -313792.65079365077 -313792.6507950815
238.09523809523807 -428.57142857142856 -246432.10657596367 -246432.10657726973
238.09523809523807 -333.33333333333326 -179071.56235827657 -179071.56235945795
238.09523809523807 -238.09523809523807 -111711.01814058954 -111711.01814164624
238.09523809523807 -142.8571428571429 -44350.473922902514 -44350.473923834536
238.09523809523807 -47.61904761904759 23010.07029478459 23010.070293977256
238.09523809523807 47.619047619047706 90370.6145124717 90370.61451178904
238.09523809523807 142.8571428571429 157731.15873015873 157731.15872960075
238.09523809523807 238.09523809523807 225091.70294784577 225091.70294741244
238.09523809523807 333.3333333333335 292452.24716553296 292452.24716522434
238.09523809523807 428.57142857142867 359812.79138322 359812.79138303606
238.09523809523807 523.8095238095239 427173.335600907 427173.3356008477
238.09523809523807 619.047619047619 494533.8798185941 494533.8798186594
238.09523809523807 714.2857142857142 561894.4240362811 561894.4240364712
238.09523809523807 809.5238095238096 629254.9682539684 629254.9682542831
238.09523809523807 904.7619047619048 696615.5124716553 696615.5124720947
238.09523809523807 1000.0 763976.0566893423 763976.0566899064
333.3333333333335 -1000.0 -881887.8888888892 -881887.8888909817
333.3333333333335 -904.7619047619048 -787316.4603174606 -787316.4603194285
333.3333333333335 -809.5238095238095 -692745.0317460321 -692745.031747875
333.3333333333335 -714.2857142857142 -598173.6031746033 -598173.6031763218
333.3333333333335 -619.047619047619 -503602.17460317473 -503602.1746047685
333.3333333333335 -523.8095238095239 -409030.7460317462 -409030.7460332153
333.3333333333335 -428.57142857142856 -314459.3174603175 -314459.317461662
333.3333333333335 -333.33333333333326 -219887.88888888888 -219887.88889010862
333.3333333333335 -238.09523809523807 -125316.46031746031 -125316.46031855537
333.3333333333335 -142.8571428571429 -30745.031746031746 -30745.031747002133
333.3333333333335 -47.61904761904759 63826.396825396936 63826.396824551215
333.3333333333335 47.619047619047706 158397.8253968256 158397.82539610457
333.3333333333335 142.8571428571429 252969.25396825417 252969.2539676578
333.3333333333335 238.09523809523807 347540.6825396827 347540.68253921106
333.3333333333335 333.3333333333335 442112.11111111153 442112.11111076456
333.3333333333335 428.57142857142867 536683.5396825401 536683.5396823178
333.3333333333335 523.8095238095239 631254.9682539686 631254.968253871
333.3333333333335 619.047619047619 725826.3968253972 725826.3968254242
333.3333333333335 714.2857142857142 820397.8253968258 820397.8253969775
333.3333333333335 809.5238095238096 914969.2539682547 914969.253968531
333.3333333333335 904.7619047619048 1009540.6825396831 1009540.6825400841
333.3333333333335 1000.0 1104112.1111111117 1104112.1111116374
428.57142857142867 -1000.0 -1095039.8163265307 -1095039.8163286615
428.57142857142867 -904.7619047619048 -973257.5034013607 -973257.503403367
428.57142857142867 -809.5238095238095 -851475.1904761906 -851475.190478072
428.57142857142867 -714.2857142857142 -729692.8775510205 -729692.8775527772
428.57142857142867 -619.047619047619 -607910.5646258504 -607910.5646274826
428.57142857142867 -523.8095238095239 -486128.2517006804 -486128.2517021878
428.57142857142867 -428.57142857142856 -364345.9387755103 -364345.93877689296
428.57142857142867 -333.33333333333326 -242563.62585034006 -242563.6258515981
428.57142857142867 -238.09523809523807 -120781.31292517004 -120781.3129263034
428.57142857142867 -142.8571428571429 1001.0000000000002 1000.9999989913049
428.57142857142867 -47.61904761904759 122783.31292517016 122783.31292428615
428.57142857142867 47.619047619047706 244565.62585034032 244565.625849581
428.57142857142867 142.8571428571429 366347.93877551035 366347.93877487566
428.57142857142867 238.09523809523807 488130.2517006804 488130.2517001704
428.57142857142867 333.3333333333335 609912.5646258506 609912.5646254654
428.57142857142867 428.57142857142867 731694.8775510207 731694.87755076
428.57142857142867 523.8095238095239 853477.1904761908 853477.1904760548
428.57142857142867 619.047619047619 975259.5034013607 975259.5034013495
428.57142857142867 714.2857142857142 1097041.8163265309 1097041.8163266443
428.57142857142867 809.5238095238096 1218824.129251701 1218824.1292519392
428.57142857142867 904.7619047619048 1340606.4421768712 1340606.442177234
428.57142857142867 1000.0 1462388.7551020412 1462388.7551025285
523.8095238095239 -1000.0 -1290051.1541950116 -1290051.1541971804
523.8095238095239 -904.7619047619048 -1141057.9569161 -1141057.9569181441
523.8095238095239 -809.5238095238095 -992064.7596371884 -992064.7596391079
523.8095238095239 -714.2857142857142 -843071.5623582766 -843071.5623600716
523.8095238095239 -619.047619047619 -694078.3650793651 -694078.3650810353
523.8095238095239 -523.8095238095239 -545085.1678004536 -545085.1678019993
523.8095238095239 -428.57142857142856 -396091.970521542 -396091.9705229629
523.8095238095239 -333.33333333333326 -247098.77324263027 -247098.77324392658
523.8095238095239 -238.09523809523807 -98105.57596371877 -98105.57596489038
523.8095238095239 -142.8571428571429 50887.62131519269 50887.6213141458
523.8095238095239 -47.61904761904759 199880.81859410438 199880.81859318214
523.8095238095239 47.619047619047706 348874.01587301603 348874.0158722185
523.8095238095239 142.8571428571429 497867.2131519276 497867.21315125463
523.8095238095239 238.09523809523807 646860.410430839 646860.4104302909
523.8095238095239 333.3333333333335 795853.6077097509 795853.6077093274
523.8095238095239 428.57142857142867 944846.8049886624 944846.8049883635
523.8095238095239 523.8095238095239 1093840.0022675737 1093840.0022673996
523.8095238095239 619.047619047619 1242833.1995464854 1242833.1995464358
523.8095238095239 714.2857142857142 1391826.396825397 1391826.396825472
523.8095238095239 809.5238095238096 1540819.5941043084 1540819.5941045084
523.8095238095239 904.7619047619048 1689812.79138322 1689812.791383545
523.8095238095239 1000.0 1838805.9886621316 1838805.988662581
619.047619047619 -1000.0 -1466921.902494331 -1466921.9024965381
619.047619047619 -904.7619047619048 -1290717.8208616783 -1290717.8208637605
619.047619047619 -809.5238095238095 -1114513.739229025 -1114513.7392309827
619.047619047619 -714.2857142857142 -938309.6575963717 -938309.6575982049
619.047619047619 -619.047619047619 -762105.5759637188 -762105.5759654273
619.047619047619 -523.8095238095239 -585901.4943310659 -585901.4943326496
619.047619047619 -428.57142857142856 -409697.41269841266 -409697.4126998718
619.047619047619 -333.33333333333326 -233493.33106575956 -233493.33106709397
619.047619047619 -238.09523809523807 -57289.24943310659 -57289.24943431633
619.047619047619 -142.8571428571429 118914.83219954639 118914.8321984613
619.047619047619 -47.61904761904759 295118.9138321995 295118.91383123916
619.047619047619 47.619047619047706 471322.9954648527 471322.995464017
619.047619047619 142.8571428571429 647527.0770975057 647527.0770967946
619.047619047619 238.09523809523807 823731.1587301587 823731.1587295722
619.047619047619 333.3333333333335 999935.240362812 999935.2403623504
619.047619047619 428.57142857142867 1176139.321995465 1176139.321995128
619.047619047619 523.8095238095239 1352343.4036281179 1352343.4036279055
619.047619047619 619.047619047619 1528547.485260771 1528547.4852606833
619.047619047619 714.2857142857142 1704751.566893424 1704751.5668934607
619.047619047619 809.5238095238096 1880955.648526077 1880955.6485262392
619.047619047619 904.7619047619048 2057159.7301587302 2057159.7301590163
619.047619047619 1000.0 2233363.811791383 2233363.8117917944
714.2857142857142 -1000.0 -1625652.0612244897 -1625652.061226735
714.2857142857142 -904.7619047619048 -1422237.0952380954 -1422237.0952402158
714.2857142857142 -809.5238095238095 -1218822.1292517004 -1218822.1292536967
714.2857142857142 -714.2857142857142 -1015407.1632653058 -1015407.1632671773
714.2857142857142 -619.047619047619 -811992.1972789114 -811992.1972806582
714.2857142857142 -523.8095238095239 -608577.231292517 -608577.231294139
714.2857142857142 -428.57142857142856 -405162.2653061224 -405162.2653076197
714.2857142857142 -333.33333333333326 -201747.29931972778 -201747.29932110035
714.2857142857142 -238.09523809523807 1667.6666666666665 1667.666665418772
714.2857142857142 -142.8571428571429 205082.63265306107 205082.6326519379
714.2857142857142 -47.61904761904759 408497.59863945574 408497.59863845725
714.2857142857142 47.619047619047706 611912.5646258504 611912.5646249766
714.2857142857142 142.8571428571429 815327.5306122449 815327.5306114956
714.2857142857142 238.09523809523807 1018742.4965986393 1018742.4965980148
714.2857142857142 333.3333333333335 1222157.4625850343 1222157.4625845344
714.2857142857142 428.57142857142867 1425572.4285714286 1425572.4285710533
714.2857142857142 523.8095238095239 1628987.394557823 1628987.3945575724
714.2857142857142 619.047619047619 1832402.3605442175 1832402.3605440918
714.2857142857142 714.2857142857142 2035817.3265306118 2035817.3265306107
714.2857142857142 809.5238095238096 2239232.292517007 2239232.2925171303
714.2857142857142 904.7619047619048 2442647.258503401 2442647.2585036494
714.2857142857142 1000.0 2646062.2244897955 2646062.2244901685
809.5238095238096 -1000.0 -1766241.6303854878 -1766241.630387771
809.5238095238096 -904.7619047619048 -1535615.7800453517 -1535615.7800475103
809.5238095238096 -809.5238095238095 -1304989.9297052154 -1304989.9297072496
809.5238095238096 -714.2857142857142 -1074364.0793650793 -1074364.0793669885
809.5238095238096 -619.047619047619 -843738.2290249432 -843738.2290267278
809.5238095238096 -523.8095238095239 -613112.3786848073 -613112.3786864673
809.5238095238096 -428.57142857142856 -382486.5283446711 -382486.5283462064
809.5238095238096 -333.33333333333326 -151860.67800453494 -151860.67800594546
809.5238095238096 -238.09523809523807 78765.17233560099 78765.17233431514
809.5238095238096 -142.8571428571429 309391.022675737 309391.02267457574
809.5238095238096 -47.61904761904759 540016.8730158733 540016.8730148367
809.5238095238096 47.619047619047706 770642.7233560093 770642.7233550976
809.5238095238096 142.8571428571429 1001268.5736961453 1001268.5736953582
809.5238095238096 238.09523809523807 1231894.4240362814 1231894.4240356188
809.5238095238096 333.3333333333335 1462520.274376418 1462520.27437588
809.5238095238096 428.57142857142867 1693146.1247165538 1693146.1247161406
809.5238095238096 523.8095238095239 1923771.9750566895 1923771.9750564012
809.5238095238096 619.047619047619 2154397.8253968256 2154397.8253966616
809.5238095238096 714.2857142857142 2385023.675736962 2385023.6757369223
809.5238095238096 809.5238095238096 2615649.526077098 2615649.526077184
809.5238095238096 904.7619047619048 2846275.376417234 2846275.3764174446
809.5238095238096 1000.0 3076901.2267573704 3076901.226757705
904.7619047619048 -1000.0 -1888690.6099773245 -1888690.6099796458
904.7619047619048 -904.7619047619048 -1630853.8752834473 -1630853.8752856436
904.7619047619048 -809.5238095238095 -1373017.1405895695 -1373017.140591641
904.7619047619048 -714.2857142857142 -1115180.4058956914 -1115180.4058976388
904.7619047619048 -619.047619047619 -857343.671201814 -857343.6712036367
904.7619047619048 -523.8095238095239 -599506.9365079368 -599506.9365096346
904.7619047619048 -428.57142857142856 -341670.2018140588 -341670.2018156322
904.7619047619048 -333.33333333333326 -83833.46712018123 -83833.46712162974
904.7619047619048 -238.09523809523807 174003.26757369624 174003.26757237237
904.7619047619048 -142.8571428571429 431840.0022675737 431840.0022663744
904.7619047619048 -47.61904761904759 689676.7369614515 689676.7369603768
904.7619047619048 47.619047619047706 947513.4716553291 947513.4716543793
904.7619047619048 142.8571428571429 1205350.2063492066 1205350.2063483815
904.7619047619048 238.09523809523807 1463186.941043084 1463186.9410423834
904.7619047619048 333.3333333333335 1721023.6757369621 1721023.675736386
904.7619047619048 428.57142857142867 1978860.4104308398 1978860.410430388
904.7619047619048 523.8095238095239 2236697.145124717 2236697.1451243903
904.7619047619048 619.047619047619 2494533.879818594 2494533.8798183925
904.7619047619048 714.2857142857142 2752370.614512472 2752370.614512394
904.7619047619048 809.5238095238096 3010207.34920635 3010207.349206397
904.7619047619048 904.7619047619048 3268044.083900227 3268044.0839003995
904.7619047619048 1000.0 3525880.8185941046 3525880.8185944017
1000.0 -1000.0 -1992999.0 -1992999.000002359
1000.0 -904.7619047619048 -1707951.3809523813 -1707951.3809546155
1000.0 -809.5238095238095 -1422903.761904762 -1422903.7619068716
1000.0 -714.2857142857142 -1137856.1428571427 -1137856.1428591278
1000.0 -619.047619047619 -852808.5238095237 -852808.5238113842
1000.0 -523.8095238095239 -567760.904761905 -567760.9047636407
1000.0 -428.57142857142856 -282713.2857142857 -282713.2857158968
1000.0 -333.33333333333326 2334.333333333566 2334.3333318470977
1000.0 -238.09523809523807 287381.9523809525 287381.95237959066
1000.0 -142.8571428571429 572429.5714285714 572429.5714273342
1000.0 -47.61904761904759 857477.1904761906 857477.1904750782
1000.0 47.619047619047706 1142524.80952381 1142524.809522822
1000.0 142.8571428571429 1427572.4285714286 1427572.4285705655
1000.0 238.09523809523807 1712620.0476190473 1712620.0476183093
1000.0 333.3333333333335 1997667.6666666672 1997667.6666660532
1000.0 428.57142857142867 2282715.285714286 2282715.285713797
1000.0 523.8095238095239 2567762.9047619053 2567762.9047615407
1000.0 619.047619047619 2852810.523809524 2852810.523809284
1000.0 714.2857142857142 3137858.1428571427 3137858.1428570277
1000.0 809.5238095238096 3422905.7619047626 3422905.761904772
1000.0 904.7619047619048 3707953.380952381 3707953.3809525156
1000.0 1000.0 3993001.0 3993001.000000259
